desc: I1 cache:         32768 B, 64 B, 8-way associative
desc: D1 cache:         32768 B, 64 B, 8-way associative
desc: LL cache:         6291456 B, 64 B, 12-way associative
cmd: ./ctr tests/test0281.ctr
events: Ir I1mr ILmr Dr D1mr DLmr Dw D1mw DLmw 
fl=/home/ali/Documents/ProjectCitron/citron/base.c
fn=ctr_block_run
3462 6 2 2 0 0 0 4 0 0
3464 3 0 0 2 0 0 1 0 0
3465 3 0 0 2 0 0 1 0 0
3466 3 0 0 2 1 0 1 0 0
3467 4 1 1 3 1 0 1 0 0
3468 3 0 0 2 1 0 1 0 0
3472 2 0 0 0 0 0 1 0 0
3473 2 0 0 1 0 0 0 0 0
3503 10 2 2 3 0 0 2 0 0
3504 7 0 0 1 0 0 2 0 0
3505 4 1 0 1 0 0 2 1 0
3506 2 1 1 1 0 0 0 0 0
3507 5 0 0 2 0 0 1 0 0
3509 2 0 0 0 0 0 1 0 0
3510 11 1 1 5 0 0 0 0 0
3511 3 0 0 0 0 0 2 1 0
3512 9 1 1 1 0 0 3 0 0
3513 2 0 0 1 0 0 0 0 0
3522 1 1 1 1 0 0 0 0 0
3523 2 1 1 2 0 0 0 0 0
fn=ctr_block_runIt
3601 5 2 2 0 0 0 3 0 0
3603 7 0 0 3 0 0 2 0 0
3604 8 1 1 4 0 0 0 0 0
3605 1 0 0 1 0 0 0 0 0
3606 2 0 0 2 1 0 0 0 0
fn=ctr_build_block
3430 12 4 2 0 0 0 6 0 0
3431 9 0 0 0 0 0 6 0 0
3432 9 0 0 6 0 0 3 0 0
3433 9 0 0 6 0 0 3 0 0
3435 3 0 0 3 0 0 0 0 0
3436 6 0 0 6 0 0 0 0 0
fn=ctr_build_empty_string
1874 4 0 0 0 0 0 2 0 0
1875 6 1 1 0 0 0 2 0 0
1876 4 0 0 4 0 0 0 0 0
fn=ctr_build_immutable
3384 20 1 1 0 0 0 12 0 0
3385 12 0 0 0 0 0 8 0 0
3386 12 0 0 8 0 0 4 0 0
3387 20 1 1 4 0 0 8 0 0
3388 20 0 0 12 0 0 4 0 0
3389 12 0 0 8 0 0 4 0 0
3390 20 1 1 8 0 0 8 0 0
3391 12 0 0 8 0 0 4 0 0
3392 12 0 0 8 0 0 4 0 0
3394 12 0 0 0 0 0 8 0 0
3395 20 1 1 16 11 0 4 0 0
3397 12 0 0 0 0 0 8 0 0
3398 52 1 1 24 7 0 0 0 0
3399 56 0 0 24 0 0 16 0 0
3400 32 0 0 16 1 0 8 0 0
3401 24 0 0 16 0 0 8 0 0
3402 40 0 0 16 0 0 8 0 0
3403 36 0 0 16 0 0 0 0 0
3404 12 0 0 8 0 0 4 0 0
3406 16 0 0 8 0 0 4 0 0
3407 12 0 0 4 0 0 4 0 0
3408 12 0 0 4 0 0 4 0 0
3409 4 0 0 4 0 0 0 0 0
3410 16 0 0 12 0 0 0 0 0
fn=ctr_build_nil
39 4 2 1 0 0 0 2 0 0
40 2 0 0 2 1 0 0 0 0
41 4 0 0 4 0 0 0 0 0
fn=ctr_build_number_from_float
1097 192 1 1 0 0 0 96 0 0
1098 144 0 0 0 0 0 96 0 0
1099 144 0 0 96 0 0 48 0 0
1100 144 2 1 96 0 0 48 0 0
1101 48 0 0 48 0 0 0 0 0
1102 96 0 0 96 0 0 0 0 0
fn=ctr_build_number_from_string
1076 10 1 1 0 0 0 6 0 0
1078 6 0 0 0 0 0 4 0 0
1080 8 0 0 4 0 0 2 0 0
1082 6 0 0 0 0 0 4 0 0
1083 14 1 1 6 0 0 2 0 0
1084 12 0 0 4 0 0 4 0 0
1085 6 0 0 4 0 0 2 0 0
1086 6 0 0 2 0 0 2 0 0
1087 2 0 0 2 0 0 0 0 0
1088 4 0 0 4 0 0 0 0 0
fn=ctr_build_string
1806 2820 2 2 0 0 0 1880 0 0
1807 1410 0 0 0 0 0 940 0 0
1808 940 0 0 470 0 0 0 0 0
1809 2772 0 0 1386 0 0 924 0 0
1810 3696 1 1 2310 0 0 462 0 0
1812 1880 0 0 1410 0 0 470 0 0
1813 1410 0 0 940 0 0 470 0 0
1814 470 0 0 470 0 0 0 0 0
1815 1880 0 0 1410 0 0 0 0 0
fn=ctr_build_string_from_cstring
1862 1704 1 1 0 0 0 852 0 0
1863 3408 0 0 852 0 0 852 0 0
1864 852 0 0 852 0 0 0 0 0
fn=ctr_is_primitive
3737 123 1 1 0 0 0 82 0 0
3738 41 0 0 41 0 0 0 0 0
3739 123 0 0 82 0 0 0 0 0
3740 123 1 1 82 0 0 0 0 0
3741 81 0 0 54 0 0 0 0 0
3742 57 0 0 38 1 0 0 0 0
3743 57 1 1 38 0 0 0 0 0
3744 57 0 0 38 0 0 0 0 0
3745 33 0 0 22 0 0 0 0 0
3746 33 0 0 22 0 0 0 0 0
3747 33 1 1 22 0 0 0 0 0
3748 33 0 0 22 0 0 0 0 0
3749 33 0 0 22 1 0 0 0 0
3750 33 0 0 22 0 0 0 0 0
3751 33 0 0 22 0 0 0 0 0
3752 33 1 1 22 0 0 0 0 0
3753 33 0 0 22 0 0 0 0 0
3754 33 0 0 22 0 0 0 0 0
3755 33 0 0 22 0 0 0 0 0
3756 186 0 0 63 0 0 0 0 0
3757 82 0 0 82 0 0 0 0 0
fn=ctr_number_assign
1060 13 2 2 3 0 0 4 0 0
1061 6 0 0 3 0 0 0 0 0
1066 22 3 3 4 0 0 4 0 0
1068 11 0 0 5 0 0 1 0 0
1069 1 0 0 1 0 0 0 0 0
1070 2 0 0 2 0 0 0 0 0
fn=ctr_object_respond
686 5 1 1 0 0 0 3 0 0
687 7 0 0 3 0 0 0 0 0
699 2 1 1 2 0 0 0 0 0
fn=ctr_send_message_variadic
3630 98 2 2 7 0 0 56 0 0
3631 14 0 0 7 0 0 0 0 0
3632 21 1 1 0 0 0 14 0 0
3633 14 1 1 7 0 0 7 0 0
3635 42 0 0 0 0 0 28 0 0
3636 82 2 2 38 0 0 7 0 0
3637 112 1 1 48 0 0 16 0 0
3638 40 0 0 8 0 0 16 0 0
3639 24 0 0 16 0 0 8 0 0
3642 56 0 0 28 0 0 14 0 0
3643 14 1 1 7 0 0 7 0 0
3644 95 1 1 44 0 0 0 0 0
3645 64 0 0 32 0 0 8 0 0
3646 24 0 0 16 0 0 8 0 0
3648 21 0 0 7 0 0 7 0 0
3649 7 0 0 7 0 0 0 0 0
3650 35 1 1 28 0 0 0 0 0
fn=ctr_string_append
1966 45 2 2 0 0 0 27 0 0
1971 45 0 0 18 0 0 18 0 0
1972 36 0 0 27 0 0 9 0 0
1973 36 1 1 27 0 0 9 0 0
1974 54 0 0 18 0 0 18 0 0
1975 72 0 0 45 0 0 9 0 0
1976 90 1 1 54 0 0 9 0 0
1977 45 0 0 27 0 0 0 0 0
1978 40 0 0 24 0 0 8 0 0
1980 36 1 1 27 0 0 9 0 0
1981 54 0 0 36 0 0 9 0 0
1982 9 0 0 9 0 0 0 0 0
1983 18 0 0 18 0 0 0 0 0
fn=ctr_string_at
2268 10 1 1 0 0 0 6 0 0
2269 10 0 0 4 0 0 4 0 0
2270 8 0 0 4 0 0 2 0 0
2271 16 1 1 8 0 0 4 0 0
2272 18 1 1 8 0 0 4 0 0
2274 8 0 0 2 0 0 4 0 0
2275 20 0 0 12 0 0 2 0 0
2276 12 1 1 4 0 0 4 0 0
2277 6 0 0 2 0 0 2 0 0
2278 2 0 0 2 0 0 0 0 0
2279 4 0 0 4 0 0 0 0 0
fn=ctr_string_from_length
2181 5 1 1 0 0 0 3 0 0
2182 5 1 1 2 0 0 2 0 0
2183 6 0 0 3 0 0 2 0 0
2184 4 0 0 3 0 0 1 0 0
2185 4 1 1 2 0 0 1 0 0
2186 4 0 0 2 0 0 1 0 0
2190 2 0 0 1 0 0 0 0 0
2191 2 0 0 1 0 0 0 0 0
2195 2 1 1 1 0 0 0 0 0
2196 3 0 0 2 0 0 0 0 0
2197 5 1 1 3 0 0 0 0 0
2198 5 0 0 2 0 0 0 0 0
2199 8 1 1 4 0 0 2 0 0
2200 9 0 0 5 0 0 2 0 0
2201 4 0 0 1 0 0 2 0 0
2202 10 1 1 6 0 0 1 0 0
2203 6 0 0 2 0 0 2 0 0
2204 3 0 0 1 0 0 1 0 0
2205 1 0 0 1 0 0 0 0 0
2206 2 0 0 2 0 0 0 0 0
fn=ctr_string_quotes_escape
3272 5 1 1 0 0 0 3 0 0
3278 4 0 0 3 0 0 1 0 0
3279 25 1 1 19 0 0 1 0 0
3280 24 0 0 15 0 0 0 0 0
3284 5 1 1 1 0 0 2 0 0
3285 1 0 0 0 0 0 1 0 0
3286 25 1 1 19 0 0 1 0 0
3287 24 0 0 15 0 0 0 0 0
3291 36 1 1 24 0 0 3 0 0
3293 4 0 0 1 0 0 2 0 0
3294 3 0 0 1 0 0 1 0 0
3295 1 0 0 1 0 0 0 0 0
3296 2 0 0 2 0 0 0 0 0
fn=ctr_string_replace_with
2444 5 1 1 0 0 0 3 0 0
2445 5 0 0 2 0 0 2 0 0
2446 6 1 1 3 0 0 2 0 0
2450 4 0 0 3 0 0 1 0 0
2451 4 0 0 3 0 0 1 0 0
2452 4 1 1 3 0 0 1 0 0
2453 4 0 0 3 0 0 1 0 0
2454 4 0 0 3 0 0 1 0 0
2455 4 0 0 3 0 0 1 0 0
2456 2 1 1 1 0 0 1 0 0
2458 1 0 0 0 0 0 1 0 0
2459 1 0 0 0 0 0 1 0 0
2461 4 0 0 2 0 0 0 0 0
2464 4 1 1 1 0 0 2 0 0
2465 2 0 0 1 0 0 1 0 0
2467 17 0 0 8 0 0 4 0 0
2468 5 0 0 2 0 0 0 0 0
2469 5 1 1 2 0 0 1 0 0
2470 7 0 0 4 0 0 0 0 0
2471 6 0 0 3 0 0 1 0 0
2472 6 1 1 2 0 0 2 0 0
2473 5 0 0 2 0 0 1 0 0
2477 5 1 1 2 0 0 1 0 0
2478 6 0 0 3 0 0 1 0 0
2479 2 0 0 2 0 0 0 0 0
2480 6 1 1 3 0 0 1 0 0
2481 2 0 0 2 0 0 0 0 0
2482 4 0 0 3 0 0 0 0 0
2483 4 0 0 3 0 0 0 0 0
2484 1 0 0 1 0 0 0 0 0
2486 6 1 1 3 0 0 1 0 0
2487 6 0 0 2 0 0 2 0 0
2488 3 0 0 1 0 0 1 0 0
2489 1 0 0 1 0 0 0 0 0
2490 2 0 0 2 0 0 0 0 0
fn=ctr_string_skip
2213 5 1 1 0 0 0 3 0 0
2217 12 1 1 6 0 0 0 0 0
2218 3 0 0 0 0 0 2 0 0
2219 3 0 0 0 0 0 2 0 0
2220 4 1 1 3 0 0 1 0 0
2221 3 0 0 2 0 0 1 0 0
2222 17 1 1 7 0 0 2 0 0
2223 6 1 1 2 0 0 2 0 0
2224 3 0 0 1 0 0 1 0 0
2225 3 0 0 1 0 0 1 0 0
2226 1 0 0 1 0 0 0 0 0
2227 2 0 0 2 0 0 0 0 0
fl=/home/ali/Documents/ProjectCitron/citron/citron.c
fn=ctr_cli_read_args
31 5 2 2 0 0 0 3 0 0
32 2 0 0 1 0 0 0 0 0
36 3 0 0 0 0 0 2 1 0
37 8 0 0 3 2 0 1 0 0
38 3 0 0 2 0 0 0 0 0
fn=main
45 8 1 1 1 0 0 4 0 0
48 1 1 1 0 0 0 1 0 0
51 2 0 0 0 0 0 2 0 0
52 2 0 0 0 0 0 2 0 0
53 2 0 0 0 0 0 2 0 0
54 2 0 0 0 0 0 1 1 1
55 2 0 0 0 0 0 1 1 1
56 2 1 1 0 0 0 1 1 1
58 1 0 0 0 0 0 1 1 1
59 2 0 0 1 0 0 1 0 0
60 2 0 0 1 0 0 1 1 1
61 1 0 0 0 0 0 1 0 0
62 1 0 0 0 0 0 1 1 1
63 1 0 0 0 0 0 1 1 1
64 1 1 1 0 0 0 1 1 1
65 1 0 0 0 0 0 1 1 1
66 1 0 0 0 0 0 1 0 0
67 1 0 0 0 0 0 1 0 0
68 5 0 0 2 0 0 1 0 0
69 1 1 1 0 0 0 1 1 0
70 2 0 0 0 0 0 1 1 0
71 2 0 0 0 0 0 1 0 0
72 2 0 0 0 0 0 1 0 0
73 2 0 0 0 0 0 1 1 1
74 4 1 1 1 0 0 2 0 0
75 4 0 0 1 0 0 2 0 0
76 4 0 0 1 0 0 2 0 0
77 3 1 1 1 0 0 0 0 0
78 6 0 0 1 0 0 2 1 0
79 6 1 0 2 0 0 2 0 0
81 2 1 1 0 0 0 1 0 0
82 3 1 0 1 1 0 1 0 0
84 2 1 0 0 0 0 1 0 0
fl=/home/ali/Documents/ProjectCitron/citron/collections.c
fn=ctr_array_assign
735 18 1 1 0 0 0 12 0 0
736 9 0 0 6 0 0 3 0 0
737 23 0 0 7 0 0 3 0 0
739 6 1 1 0 0 0 4 0 0
740 6 0 0 0 0 0 4 0 0
742 10 0 0 4 0 0 0 0 0
743 66 3 3 39 0 0 2 0 0
744 25 0 0 5 0 0 10 0 0
745 15 0 0 10 0 0 5 0 0
747 40 1 1 15 0 0 10 0 0
748 10 0 0 0 0 0 0 0 0
749 85 1 1 0 0 0 20 0 0
751 10 0 0 10 0 0 0 0 0
754 16 1 1 4 1 1 3 0 0
755 18 2 2 6 0 0 2 0 0
756 32 1 1 6 0 0 4 0 0
757 4 0 0 2 0 0 0 0 0
759 24 1 1 8 0 0 8 0 0
760 35 0 0 10 0 0 5 0 0
768 6 0 0 2 0 0 2 0 0
769 6 0 0 2 1 0 2 0 0
770 2 0 0 2 0 0 0 0 0
771 12 1 1 9 0 0 0 0 0
fn=ctr_array_count
539 65 1 1 0 0 0 39 0 0
540 26 0 0 0 0 0 13 0 0
541 208 2 2 78 0 0 13 0 0
542 39 0 0 13 0 0 13 0 0
543 26 0 0 26 0 0 0 0 0
fn=ctr_array_from_length
551 5 1 1 0 0 0 3 0 0
555 5 0 0 2 0 0 2 0 0
556 6 0 0 3 0 0 2 0 0
557 4 0 0 2 0 0 1 0 0
558 4 1 1 2 0 0 1 0 0
559 1 0 0 0 0 0 1 0 0
560 5 0 0 1 0 0 2 0 0
561 14 1 1 8 0 0 1 0 0
562 3 1 1 0 0 0 2 0 0
563 3 0 0 0 0 0 2 0 0
564 5 0 0 1 0 0 2 0 0
565 3 0 0 2 0 0 1 0 0
566 8 1 1 3 0 0 2 0 0
567 5 0 0 2 0 0 1 0 0
568 3 0 0 1 0 0 1 0 0
569 3 0 0 1 0 0 1 0 0
571 1 0 0 1 0 0 0 0 0
572 2 0 0 2 0 0 0 0 0
fn=ctr_array_get
381 145 2 2 0 0 0 87 0 0
382 87 0 0 58 0 0 29 0 0
384 145 0 0 58 0 0 0 0 0
389 116 1 1 58 0 0 29 0 0
390 58 0 0 29 0 0 0 0 0
391 377 1 1 232 0 0 0 0 0
396 348 1 1 232 0 0 0 0 0
397 58 1 1 58 0 0 0 0 0
fn=ctr_array_new
32 60 1 1 0 0 0 40 0 0
33 30 0 0 0 0 0 20 0 0
34 30 0 0 20 0 0 10 0 0
35 50 1 1 10 0 0 20 0 0
36 50 0 0 30 0 0 10 0 0
37 30 0 0 20 0 0 10 0 0
38 50 0 0 20 0 0 20 0 0
39 30 1 1 20 0 0 10 0 0
40 30 0 0 20 0 0 10 0 0
41 10 0 0 10 0 0 0 0 0
42 40 0 0 30 0 0 0 0 0
fn=ctr_array_push
64 90 1 1 0 0 0 60 0 0
65 90 0 0 45 0 0 0 0 0
70 135 1 1 90 0 0 0 0 0
71 81 1 1 45 0 0 9 0 0
72 90 0 0 45 0 0 18 0 0
73 27 0 0 27 0 0 0 0 0
76 45 1 1 30 0 0 15 0 0
77 150 0 0 105 0 0 15 0 0
78 75 0 0 45 0 0 15 0 0
79 15 0 0 15 0 0 0 0 0
80 60 0 0 45 0 0 0 0 0
fn=ctr_array_push_imm
81 48 1 1 0 0 0 32 0 0
83 72 0 0 48 0 0 0 0 0
84 36 1 1 20 0 0 4 0 0
85 40 1 1 20 0 0 8 0 0
86 12 0 0 12 0 0 0 0 0
89 24 0 0 16 0 0 8 0 0
90 80 1 1 56 0 0 8 0 0
91 40 0 0 24 0 0 8 0 0
92 8 0 0 8 0 0 0 0 0
93 32 0 0 24 0 0 0 0 0
fn=ctr_array_to_string
832 5 1 1 0 0 0 3 0 0
836 3 0 0 0 0 0 2 0 0
837 3 1 1 0 0 0 2 0 0
838 8 0 0 6 0 0 0 0 0
842 13 2 2 4 0 0 2 0 0
843 6 0 0 2 0 0 2 0 0
845 20 2 2 12 0 0 1 0 0
846 9 0 0 5 0 0 1 0 0
847 3 0 0 2 0 0 0 0 0
851 10 2 2 4 0 0 0 0 0
852 5 0 0 2 0 0 0 0 0
855 5 1 1 2 0 0 0 0 0
856 5 0 0 1 0 0 2 0 0
857 6 1 1 2 0 0 2 0 0
858 8 0 0 3 0 0 2 0 0
859 6 0 0 2 0 0 2 0 0
860 5 1 1 1 0 0 2 0 0
861 7 0 0 2 0 0 2 0 0
873 8 1 1 4 0 0 0 0 0
878 6 0 0 3 0 0 0 0 0
879 5 1 1 1 0 0 2 0 0
880 6 0 0 2 0 0 2 0 0
882 3 0 0 1 0 0 1 0 0
883 1 0 0 1 0 0 0 0 0
884 2 0 0 2 0 0 0 0 0
fl=/home/ali/Documents/ProjectCitron/citron/fiber.c
fn=ctr_fiber_begin_init
245 4 1 1 0 0 0 2 0 0
246 2 0 0 0 0 0 1 0 0
248 3 0 0 0 0 0 2 0 0
249 8 1 1 1 0 0 2 0 0
250 8 1 1 1 0 0 2 0 0
251 8 0 0 1 0 0 2 0 0
252 8 1 1 1 0 0 2 0 0
253 8 0 0 1 0 0 2 0 0
254 8 1 1 1 0 0 2 0 0
255 8 1 1 1 0 0 2 0 0
256 12 1 1 2 0 0 3 0 0
257 4 0 0 2 0 0 1 0 0
259 9 1 0 2 0 0 2 0 0
260 5 0 0 3 0 0 0 0 0
fn=initFibers
81 2 1 1 0 0 0 1 0 0
83 34 0 0 21 0 0 1 0 0
85 50 0 0 10 0 0 10 10 10
88 1 0 0 0 0 0 0 0 0
89 2 0 0 2 0 0 0 0 0
fl=/home/ali/Documents/ProjectCitron/citron/lexer.c
fn=check_next_line_empty
196 102 0 0 17 0 0 34 0 0
197 68 1 1 34 1 0 0 0 0
199 119 0 0 34 0 0 0 0 0
210 85 1 1 68 0 0 0 0 0
fn=ctr_clex_is_delimiter
60 12 1 1 0 0 0 6 0 0
64 6 0 0 3 0 0 0 0 0
65 6 0 0 3 0 0 0 0 0
68 12 1 1 3 0 0 0 0 0
69 6 0 0 6 0 0 0 0 0
fn=ctr_clex_load
88 4 1 1 0 0 0 2 0 0
89 2 0 0 1 0 0 1 1 1
90 5 1 1 1 1 0 2 0 0
91 2 0 0 1 0 0 1 0 0
92 4 0 0 2 0 0 1 1 1
93 1 0 0 0 0 0 1 1 0
94 3 0 0 2 0 0 0 0 0
fn=ctr_clex_putback
186 456 1 1 0 0 0 228 0 0
187 684 0 0 228 0 0 0 0 0
188 198 0 0 66 0 0 66 0 0
189 66 0 0 0 0 0 0 0 0
191 324 1 1 162 0 0 162 0 0
192 324 0 0 162 0 0 162 0 0
193 324 0 0 162 0 0 162 0 0
194 456 0 0 456 0 0 0 0 0
fn=ctr_clex_readstr
442 48 0 0 0 0 0 16 0 0
445 16 0 0 0 0 0 16 0 0
448 16 0 0 0 0 0 16 0 0
451 48 0 0 16 0 0 0 0 0
452 18 0 0 6 0 0 6 0 0
453 6 0 0 0 0 0 6 0 0
456 16 1 1 0 0 0 16 0 0
457 64 0 0 16 0 0 32 0 0
458 48 0 0 0 0 0 32 0 0
459 48 0 0 32 0 0 16 0 0
460 16 0 0 0 0 0 16 0 0
461 32 1 1 16 0 0 16 0 0
462 86 0 0 0 0 0 0 0 0
464 105 1 1 70 0 0 0 0 0
466 20 0 0 10 0 0 0 0 0
470 20 0 0 0 0 0 0 0 0
472 10 0 0 10 0 0 0 0 0
485 50 0 0 0 0 0 0 0 0
486 75 0 0 50 0 0 0 0 0
487 50 0 0 25 0 0 0 0 0
488 12 1 1 0 0 0 0 0 0
489 30 0 0 12 0 0 0 0 0
490 18 0 0 12 0 0 0 0 0
492 6 0 0 0 0 0 6 0 0
493 414 2 2 162 0 0 12 0 0
494 132 1 1 48 0 0 6 0 0
495 30 1 1 6 0 0 12 0 0
496 18 0 0 6 0 0 6 0 0
497 54 0 0 18 0 0 6 0 0
498 6 0 0 0 0 0 6 0 0
499 30 0 0 12 0 0 6 0 0
500 6 0 0 0 0 0 0 0 0
504 38 2 2 19 0 0 0 0 0
506 38 0 0 19 0 0 0 0 0
532 38 1 1 19 0 0 0 0 0
538 57 2 2 19 0 0 19 0 0
539 76 0 0 38 0 0 0 0 0
540 20 0 0 20 0 0 0 0 0
541 60 0 0 20 0 0 20 0 0
542 20 0 0 10 0 0 0 0 0
546 50 1 1 20 0 0 10 0 0
548 19 0 0 0 0 0 19 0 0
549 57 0 0 38 0 0 19 0 0
550 19 0 0 19 0 0 0 0 0
551 57 0 0 19 0 0 19 0 0
552 57 0 0 38 1 0 19 0 0
554 48 1 1 16 0 0 0 0 0
561 16 1 1 0 0 0 16 0 0
562 16 0 0 0 0 0 16 0 0
563 16 0 0 16 0 0 0 0 0
564 32 0 0 32 0 0 0 0 0
fn=ctr_clex_tok
252 1161 2 2 0 0 0 387 0 0
255 387 0 0 0 0 0 387 1 1
256 774 0 0 387 0 0 387 0 0
257 774 0 0 387 0 0 387 0 0
258 774 0 0 387 0 0 387 0 0
259 387 0 0 0 0 0 387 0 0
260 387 1 1 0 0 0 387 0 0
261 387 0 0 0 0 0 387 0 0
265 4257 0 0 774 3 2 0 0 0
267 6 1 1 0 0 0 6 0 0
268 6 0 0 0 0 0 0 0 0
271 330 0 0 66 0 0 66 0 0
272 66 0 0 0 0 0 66 0 0
273 66 0 0 0 0 0 66 0 0
274 66 0 0 0 0 0 0 0 0
276 84 1 1 36 0 0 12 0 0
277 36 0 0 12 0 0 12 0 0
278 12 0 0 0 0 0 12 0 0
279 12 0 0 0 0 0 0 0 0
281 24 0 0 12 0 0 12 0 0
282 12 0 0 0 0 0 12 0 0
283 12 0 0 0 0 0 0 0 0
286 1161 1 1 387 0 0 0 0 0
287 288 0 0 96 0 0 96 0 0
288 192 0 0 96 0 0 0 0 0
292 873 0 0 291 0 0 0 0 0
296 1276 1 1 604 1 0 17 0 0
301 873 1 1 582 0 0 291 0 0
302 14555 2 2 5392 4 4 870 0 0
303 1164 0 0 582 0 0 0 0 0
304 40 0 0 0 0 0 40 0 0
305 40 0 0 0 0 0 40 0 0
306 120 0 0 40 0 0 40 0 0
308 1164 1 1 582 0 0 0 0 0
309 10 0 0 0 0 0 10 0 0
310 50 0 0 20 0 0 0 0 0
312 1164 0 0 582 0 0 0 0 0
313 1746 0 0 582 0 0 582 0 0
314 1746 0 0 1164 2 0 582 0 0
316 1170 0 0 582 0 0 0 0 0
317 596 1 1 292 0 0 4 0 0
318 598 0 0 290 0 0 6 0 0
319 641 1 1 295 0 0 17 0 0
320 602 0 0 277 0 0 16 0 0
321 545 1 1 256 0 0 11 0 0
322 493 0 0 239 0 0 5 0 0
323 658 1 1 269 0 0 40 0 0
324 478 0 0 209 0 0 20 0 0
325 1172 2 2 514 0 0 16 0 0
326 48 0 0 16 0 0 16 0 0
327 32 0 0 0 0 0 0 0 0
329 386 2 2 169 0 0 16 0 0
330 274 0 0 137 0 0 0 0 0
332 685 1 1 274 0 0 0 0 0
333 274 0 0 137 0 0 0 0 0
339 444 1 1 171 0 0 34 0 0
340 1236 2 2 412 0 0 103 0 0
341 72 1 1 32 0 0 16 0 0
342 8 0 0 8 0 0 0 0 0
343 24 0 0 8 0 0 8 0 0
344 24 0 0 16 0 0 8 0 0
345 88 1 1 24 0 0 8 0 0
351 16 0 0 8 0 0 0 0 0
354 16 1 1 8 0 0 0 0 0
360 80 1 1 24 0 0 8 0 0
366 16 0 0 0 0 0 0 0 0
368 665 1 1 95 0 0 95 0 0
374 665 2 2 95 0 0 95 0 0
380 665 1 1 95 0 0 95 0 0
381 24 0 0 6 0 0 3 0 0
382 9 0 0 3 0 0 3 0 0
383 6 0 0 0 0 0 0 0 0
388 644 1 1 92 0 0 92 0 0
397 828 1 1 276 0 0 0 0 0
404 812 1 1 0 0 0 0 0 0
405 3938 1 1 1563 0 0 406 0 0
406 690 0 0 345 0 0 0 0 0
407 690 0 0 345 0 0 0 0 0
408 690 0 0 345 0 0 0 0 0
409 690 0 0 345 0 0 0 0 0
410 690 0 0 345 0 0 0 0 0
411 690 1 1 345 0 0 0 0 0
412 690 0 0 345 0 0 0 0 0
413 676 0 0 338 0 0 0 0 0
414 676 0 0 338 0 0 0 0 0
415 676 0 0 0 0 0 0 0 0
417 1014 0 0 676 0 0 0 0 0
418 676 0 0 338 0 0 0 0 0
420 676 1 1 338 0 0 0 0 0
421 628 0 0 314 0 0 0 0 0
423 1256 0 0 628 0 0 0 0 0
425 2826 1 1 1256 0 0 628 0 0
426 314 0 0 314 0 0 0 0 0
427 942 0 0 628 0 0 0 0 0
430 942 0 0 314 0 0 314 0 0
431 942 0 0 628 1 0 314 0 0
433 92 0 0 0 0 0 0 0 0
434 774 1 1 774 0 0 0 0 0
fn=ctr_clex_tok_value
102 134 0 0 0 0 0 67 0 0
103 67 1 1 67 0 0 0 0 0
104 134 0 0 134 0 0 0 0 0
fn=ctr_clex_tok_value_length
177 166 0 0 0 0 0 83 0 0
178 83 0 0 83 0 0 0 0 0
179 166 0 0 166 0 0 0 0 0
fl=/home/ali/Documents/ProjectCitron/citron/memory.c
fn=ctr_heap_allocate
49 19024 2 2 0 0 0 9512 1 1
53 4756 0 0 0 0 0 4756 0 0
54 14268 0 0 9512 0 0 0 0 0
57 19024 0 0 9512 1 0 4756 0 0
59 19024 0 0 9512 1 0 0 0 0
65 23780 1 1 4756 0 0 9512 0 0
67 9512 0 0 4756 0 0 0 0 0
73 9512 1 1 4756 0 0 4756 0 0
74 14268 0 0 9512 0 0 4756 0 0
76 14268 0 0 9512 0 0 0 0 0
78 4756 0 0 4756 0 0 0 0 0
79 9512 1 1 9512 1 0 0 0 0
fn=ctr_heap_allocate_tracked
123 2140 1 1 0 0 0 1070 0 0
125 2140 0 0 535 0 0 1070 0 0
126 2140 0 0 1070 1 0 0 0 0
127 165 0 0 55 0 0 0 0 0
128 3 1 1 0 0 0 2 0 0
129 2 0 0 0 0 0 1 0 0
131 162 0 0 54 0 0 54 0 0
132 432 0 0 108 0 0 108 0 0
135 3210 1 1 1605 0 0 535 81 81
136 3210 1 1 1605 0 0 535 0 0
137 1605 0 0 535 0 0 535 0 0
138 535 0 0 535 0 0 0 0 0
139 1070 0 0 1070 0 0 0 0 0
fn=ctr_heap_free
183 972 2 1 0 0 0 486 0 0
186 243 0 0 0 0 0 243 0 0
190 972 0 0 486 0 0 0 0 0
191 486 0 0 243 0 0 243 0 0
192 729 0 0 486 3 0 243 0 0
194 729 2 1 243 0 0 243 0 0
195 726 0 0 484 0 0 242 0 0
196 726 0 0 484 0 0 0 0 0
fn=ctr_heap_get_latest_tracking_id
157 32 1 1 0 0 0 16 0 0
158 32 0 0 16 0 0 0 0 0
159 32 0 0 32 0 0 0 0 0
fn=ctr_heap_reallocate
219 390 3 2 0 0 0 234 0 0
226 78 0 0 0 0 0 78 0 0
227 234 0 0 156 0 0 0 0 0
229 312 0 0 156 0 0 0 0 0
231 156 0 0 78 0 0 78 0 0
232 234 0 0 156 0 0 78 0 0
235 468 2 1 234 0 0 78 0 0
237 468 0 0 156 0 0 156 0 0
240 156 0 0 78 0 0 78 0 0
241 234 0 0 156 0 0 78 0 0
243 234 0 0 156 0 0 0 0 0
245 78 2 1 78 0 0 0 0 0
246 156 0 0 156 0 0 0 0 0
fn=ctr_heap_reallocate_tracked
145 50 0 0 0 0 0 30 0 0
147 60 1 1 30 0 0 10 0 0
148 60 0 0 20 0 0 20 0 0
149 60 0 0 30 0 0 10 0 0
150 60 0 0 30 0 0 10 0 0
151 10 0 0 10 0 0 0 0 0
152 20 0 0 20 0 0 0 0 0
fl=/home/ali/Documents/ProjectCitron/citron/parser.c
fn=ctr_cparse_assignment
526 32 0 0 0 0 0 16 0 0
530 16 0 0 0 0 0 8 0 0
531 24 0 0 0 0 0 16 0 0
532 24 1 1 0 0 0 16 0 0
533 24 0 0 0 0 0 16 0 0
534 16 0 0 8 0 0 8 0 0
535 24 0 0 16 0 0 8 0 0
536 24 0 0 16 0 0 8 0 0
537 40 0 0 8 0 0 16 0 0
538 24 0 0 16 0 0 8 0 0
539 8 0 0 8 0 0 0 0 0
540 16 0 0 16 0 0 0 0 0
fn=ctr_cparse_block
272 20 1 1 0 0 0 10 0 0
282 10 0 0 0 0 0 5 0 0
283 15 1 1 0 0 0 10 0 0
284 10 0 0 5 0 0 5 0 0
285 15 0 0 0 0 0 10 0 0
286 15 0 0 10 0 0 5 0 0
287 15 0 0 0 0 0 10 0 0
288 20 1 1 15 0 0 5 0 0
289 15 0 0 0 0 0 10 0 0
290 15 0 0 0 0 0 10 0 0
291 15 0 0 10 0 0 5 0 0
292 15 0 0 10 0 0 5 0 0
293 10 1 1 5 0 0 5 0 0
294 10 0 0 5 0 0 5 0 0
295 15 0 0 0 0 0 10 0 0
296 5 0 0 0 0 0 5 0 0
297 15 1 1 5 0 0 0 0 0
317 5 1 1 0 0 0 5 0 0
318 63 1 1 29 0 0 0 0 0
321 34 0 0 17 0 0 0 0 0
322 10 0 0 0 0 0 5 0 0
324 51 0 0 0 0 0 34 0 0
325 39 0 0 17 0 0 0 0 0
326 24 0 0 0 0 0 12 0 0
327 36 1 1 0 0 0 24 0 0
328 36 0 0 0 0 0 24 0 0
329 24 0 0 12 0 0 0 0 0
332 36 0 0 0 0 0 24 0 0
334 36 1 1 24 0 0 12 0 0
335 24 0 0 12 0 0 0 0 0
336 15 0 0 10 0 0 5 0 0
337 10 0 0 5 0 0 5 0 0
338 10 0 0 0 0 0 5 0 0
340 21 0 0 14 0 0 7 1 0
341 14 0 0 7 0 0 7 0 0
343 36 0 0 0 0 0 24 0 0
344 24 0 0 12 0 0 0 0 0
348 5 0 0 5 0 0 0 0 0
349 20 0 0 15 1 0 0 0 0
fn=ctr_cparse_create_node
37 620 1 1 0 0 0 310 0 0
38 465 0 0 0 0 0 310 0 0
39 465 0 0 155 0 0 0 0 0
40 465 1 1 0 0 0 310 0 0
41 620 0 0 310 0 0 155 0 0
42 465 0 0 310 0 0 155 0 0
43 465 0 0 155 0 0 0 0 0
44 462 0 0 308 0 0 154 0 0
45 462 0 0 154 0 0 154 0 0
47 2 1 1 1 0 0 1 0 0
50 155 0 0 155 0 0 0 0 0
51 310 0 0 310 0 0 0 0 0
fn=ctr_cparse_expr
547 232 1 1 0 0 0 116 0 0
553 174 0 0 0 0 0 116 0 0
554 174 1 1 0 0 0 116 0 0
555 116 0 0 0 0 0 58 0 0
558 116 0 0 58 0 0 0 0 0
562 116 0 0 58 0 0 0 0 0
563 32 0 0 16 0 0 0 0 0
567 40 1 1 8 0 0 16 0 0
568 100 0 0 50 0 0 0 0 0
569 80 0 0 40 0 0 0 0 0
570 76 1 1 38 0 0 0 0 0
571 60 0 0 30 0 0 0 0 0
573 66 0 0 0 0 0 44 0 0
574 44 0 0 22 0 0 22 0 0
575 198 1 1 66 0 0 44 1 0
576 44 0 0 22 0 0 0 0 0
577 20 0 0 0 0 0 10 0 0
578 20 0 0 0 0 0 10 0 0
579 20 0 0 10 0 0 0 0 0
581 36 0 0 0 0 0 24 0 0
582 36 0 0 24 0 0 12 0 0
583 36 0 0 24 0 0 12 0 0
584 48 0 0 24 0 0 12 0 0
586 56 1 1 28 0 0 0 0 0
588 20 0 0 20 0 0 0 0 0
589 116 0 0 116 0 0 0 0 0
fn=ctr_cparse_fin
613 6 0 0 0 0 0 2 0 0
615 4 0 0 0 0 0 2 0 0
616 6 0 0 0 0 0 4 0 0
617 4 0 0 2 0 0 2 0 0
618 2 0 0 2 0 0 0 0 0
619 4 0 0 4 0 0 0 0 0
fn=ctr_cparse_message
62 170 0 0 0 0 0 102 0 0
74 102 0 0 0 0 0 68 0 0
75 102 0 0 0 0 0 68 0 0
76 68 1 1 34 0 0 0 0 0
79 102 0 0 0 0 0 68 0 0
80 68 0 0 34 0 0 34 0 0
81 102 0 0 0 0 0 68 0 0
82 102 1 1 0 0 0 68 0 0
83 204 0 0 102 0 0 34 0 0
84 204 0 0 68 0 0 68 0 0
85 136 1 1 34 0 0 34 0 0
86 88 0 0 44 0 0 0 0 0
87 20 0 0 0 0 0 10 0 0
88 20 0 0 10 0 0 0 0 0
90 48 0 0 24 0 0 0 0 0
91 26 0 0 13 0 0 13 0 0
92 39 0 0 26 0 0 13 0 0
93 39 0 0 26 0 0 13 0 0
94 39 0 0 0 0 0 26 0 0
95 65 0 0 13 0 0 26 0 0
96 39 0 0 26 0 0 13 0 0
97 26 0 0 13 0 0 0 0 0
99 55 1 1 0 0 0 33 0 0
100 22 0 0 11 0 0 0 0 0
101 16 0 0 8 0 0 0 0 0
105 32 1 1 16 0 0 8 0 0
106 8 0 0 8 0 0 0 0 0
107 16 0 0 8 0 0 0 0 0
110 16 0 0 8 0 0 8 0 0
111 24 0 0 0 0 0 16 0 0
112 8 1 1 0 0 0 8 0 0
114 24 0 0 0 0 0 16 0 0
115 40 0 0 8 0 0 16 0 0
116 16 0 0 8 0 0 0 0 0
117 24 0 0 16 0 0 8 0 0
118 24 1 1 16 0 0 8 0 0
119 16 0 0 0 0 0 8 0 0
124 24 0 0 0 0 0 16 0 0
125 26 1 1 8 0 0 0 0 0
126 6 0 0 3 0 0 0 0 0
127 10 1 1 3 0 0 0 0 0
128 3 0 0 1 0 0 0 0 0
144 16 0 0 0 0 0 8 0 0
145 24 0 0 16 0 0 8 0 0
146 32 0 0 16 0 0 8 0 0
148 6 0 0 3 0 0 3 0 0
149 9 0 0 6 0 0 3 0 0
150 9 0 0 6 0 0 3 0 0
152 11 0 0 11 0 0 0 0 0
153 136 0 0 102 0 0 0 0 0
fn=ctr_cparse_messages
161 110 1 1 0 0 0 66 0 0
162 66 0 0 0 0 0 44 0 0
166 22 0 0 0 0 0 22 0 0
169 166 1 1 72 0 0 0 0 0
170 68 0 0 34 0 0 0 0 0
171 6 0 0 0 0 0 4 0 0
172 4 0 0 2 0 0 0 0 0
176 102 0 0 0 0 0 68 0 0
177 68 1 1 0 0 0 34 0 0
178 136 0 0 34 0 0 68 0 0
179 136 0 0 68 0 0 0 0 0
180 20 0 0 10 0 0 0 0 0
181 20 0 0 0 0 0 0 0 0
186 72 1 1 48 0 0 24 0 0
187 48 0 0 24 0 0 0 0 0
188 12 0 0 0 0 0 12 0 0
189 24 0 0 12 0 0 12 0 0
190 36 0 0 12 0 0 12 0 0
192 36 0 0 24 0 0 12 0 0
193 24 0 0 12 0 0 12 0 0
195 72 0 0 0 0 0 48 0 0
197 24 0 0 0 0 0 12 0 0
198 12 0 0 12 0 0 0 0 0
199 44 0 0 44 0 0 0 0 0
fn=ctr_cparse_nil
476 3 1 1 0 0 0 1 0 0
478 2 0 0 0 0 0 1 0 0
479 3 0 0 0 0 0 2 0 0
480 2 0 0 1 0 0 1 0 0
481 3 0 0 1 0 0 1 0 0
482 2 0 0 1 0 0 1 0 0
483 1 0 0 1 0 0 0 0 0
484 2 0 0 2 0 0 0 0 0
fn=ctr_cparse_number
424 9 1 1 0 0 0 3 0 0
428 6 0 0 0 0 0 3 0 0
429 9 1 1 0 0 0 6 0 0
430 6 0 0 3 0 0 3 0 0
431 9 0 0 0 0 0 6 0 0
432 9 0 0 0 0 0 6 0 0
433 18 1 1 6 0 0 6 0 0
434 21 0 0 12 0 0 3 0 0
435 9 0 0 6 0 0 3 0 0
436 3 0 0 3 0 0 0 0 0
437 6 0 0 6 0 0 0 0 0
fn=ctr_cparse_parse
678 5 2 2 0 0 0 3 0 0
680 3 0 0 1 0 0 1 0 0
681 2 0 0 1 0 0 1 0 0
682 3 0 0 0 0 0 2 1 0
683 3 0 0 2 0 0 1 0 0
684 6 1 1 2 0 0 2 0 0
685 2 0 0 1 0 0 1 0 0
686 1 0 0 1 0 0 0 0 0
687 2 0 0 2 0 0 0 0 0
fn=ctr_cparse_popen
250 6 0 0 0 0 0 2 0 0
254 4 0 0 0 0 0 2 0 0
255 6 1 1 0 0 0 4 0 0
256 4 0 0 2 0 0 2 0 0
257 6 0 0 0 0 0 4 0 0
258 6 0 0 4 0 0 2 0 0
259 10 0 0 2 0 0 4 0 0
260 6 0 0 0 0 0 4 0 0
261 4 0 0 2 0 0 0 0 0
264 2 0 0 2 0 0 0 0 0
265 4 0 0 4 0 0 0 0 0
fn=ctr_cparse_program
652 3 1 1 0 0 0 1 0 0
653 3 0 0 0 0 0 2 0 0
655 1 1 1 0 0 0 1 0 0
656 1 0 0 0 0 0 0 0 0
657 6 0 0 0 0 0 4 1 0
658 4 0 0 2 0 0 0 0 0
659 1 0 0 0 0 0 1 0 0
660 4 0 0 2 0 0 1 1 0
662 3 0 0 2 0 0 1 1 0
664 18 0 0 10 0 0 0 0 0
665 5 0 0 1 0 0 2 0 0
666 1 0 0 0 0 0 0 0 0
668 2 0 0 1 0 0 1 0 0
670 1 0 0 1 0 0 0 0 0
671 2 0 0 2 0 0 0 0 0
fn=ctr_cparse_receiver
491 174 1 1 0 0 0 58 0 0
493 174 0 0 0 0 0 116 0 0
494 116 0 0 0 0 0 58 0 0
495 580 1 1 174 3 2 0 0 0
497 3 0 0 0 0 0 1 0 0
503 9 0 0 0 0 0 3 0 0
505 48 0 0 0 0 0 16 0 0
507 69 0 0 0 0 0 23 0 0
509 15 1 1 0 0 0 5 0 0
511 6 0 0 0 0 0 2 0 0
513 24 0 0 0 0 0 8 0 0
519 116 1 1 116 1 0 0 0 0
fn=ctr_cparse_ref
356 69 1 1 0 0 0 23 0 0
359 46 0 0 0 0 0 23 0 0
360 69 0 0 0 0 0 46 0 0
361 46 0 0 23 0 0 23 0 0
362 115 0 0 23 0 0 46 0 0
363 69 1 1 0 0 0 46 0 0
364 214 0 0 87 0 0 23 0 0
365 18 1 1 0 0 0 12 0 0
366 12 0 0 6 0 0 0 0 0
369 18 0 0 0 0 0 12 0 0
370 12 0 0 6 0 0 6 0 0
371 30 0 0 6 0 0 12 0 0
373 189 2 2 72 0 0 23 0 0
374 3 0 0 0 0 0 2 0 0
375 2 0 0 1 0 0 0 0 0
378 3 0 0 0 0 0 2 0 0
379 2 0 0 1 0 0 1 0 0
380 5 1 1 1 0 0 2 0 0
382 184 0 0 69 0 0 23 0 0
391 161 1 1 69 0 0 46 0 0
392 184 1 1 115 0 0 23 0 0
393 23 0 0 23 0 0 0 0 0
394 46 0 0 46 0 0 0 0 0
fn=ctr_cparse_statement
626 6 1 1 0 0 0 2 0 0
627 6 1 1 0 0 0 4 0 0
628 6 0 0 0 0 0 4 0 0
629 4 0 0 0 0 0 2 0 0
630 4 0 0 2 0 0 0 0 0
631 5 0 0 1 0 0 2 0 0
632 2 0 0 1 0 0 0 0 0
633 2 1 1 1 0 0 0 0 0
636 5 0 0 1 0 0 2 1 0
638 3 0 0 0 0 0 2 0 0
639 2 0 0 1 0 0 0 0 0
643 1 0 0 1 0 0 0 0 0
644 4 0 0 4 0 0 0 0 0
fn=ctr_cparse_string
401 48 0 0 0 0 0 16 0 0
405 32 0 0 0 0 0 16 0 0
406 48 0 0 0 0 0 32 0 0
407 32 0 0 16 0 0 16 0 0
408 48 1 1 0 0 0 32 0 0
409 48 0 0 0 0 0 32 0 0
410 96 0 0 32 0 0 32 0 0
411 112 0 0 64 0 0 16 0 0
412 48 0 0 32 0 0 16 0 0
413 32 0 0 0 0 0 16 0 0
414 16 0 0 16 0 0 0 0 0
415 32 0 0 32 0 0 0 0 0
fn=ctr_cparse_tuple
207 24 2 2 0 0 0 8 0 0
213 16 0 0 0 0 0 8 0 0
214 24 0 0 0 0 0 16 0 0
215 16 0 0 8 0 0 8 0 0
216 24 0 0 0 0 0 16 0 0
217 24 0 0 16 0 0 8 0 0
218 24 1 1 0 0 0 16 0 0
219 24 0 0 16 0 0 8 0 0
220 16 0 0 8 0 0 8 0 0
222 24 0 0 0 0 0 16 0 0
223 16 0 0 0 0 0 8 0 0
224 16 0 0 8 0 0 0 0 0
229 24 1 1 0 0 0 16 0 0
230 24 0 0 16 0 0 8 0 0
231 40 0 0 8 0 0 16 0 0
232 16 1 1 8 0 0 8 0 0
234 78 1 1 14 0 0 28 0 0
236 18 0 0 0 0 0 12 0 0
237 30 0 0 6 0 0 12 0 0
238 18 0 0 12 0 0 6 0 0
239 12 0 0 6 0 0 6 0 0
241 16 0 0 8 0 0 0 0 0
242 8 0 0 8 0 0 0 0 0
243 16 0 0 16 0 0 0 0 0
fl=/home/ali/Documents/ProjectCitron/citron/reflect.c
fn=ctr_reflect_check_bind_valid
411 24 1 1 0 0 0 16 0 0
412 12 1 1 0 0 0 8 0 0
413 12 0 0 8 0 0 4 0 0
414 24 0 0 8 0 0 8 0 0
415 12 0 0 8 0 0 4 0 0
416 24 1 1 8 0 0 8 0 0
417 52 1 1 16 0 0 4 0 0
418 3 0 0 0 0 0 2 0 0
419 3 0 0 2 0 0 1 0 0
420 6 0 0 2 0 0 2 0 0
421 6 1 1 2 0 0 2 0 0
422 5 0 0 2 0 0 1 0 0
423 5 1 1 1 0 0 2 0 0
424 5 0 0 2 0 0 1 0 0
425 5 0 0 1 0 0 2 0 0
426 5 1 1 1 0 0 2 0 0
427 5 0 0 2 0 0 2 0 0
429 11 1 1 3 0 0 3 0 0
430 4 0 0 2 0 0 1 0 0
431 5 0 0 2 0 0 1 0 0
432 5 0 0 1 0 0 2 0 0
433 5 0 0 2 0 0 1 0 0
434 3 0 0 1 0 0 1 0 0
435 2 0 0 0 0 0 0 0 0
437 9 1 1 3 0 0 3 0 0
438 3 0 0 0 0 0 0 0 0
439 16 0 0 12 0 0 0 0 0
fn=ctr_reflect_describe_type
315 115 2 2 0 0 0 69 0 0
316 69 0 0 46 0 0 23 0 0
317 69 0 0 46 1 0 23 0 0
318 46 0 0 23 0 0 23 0 0
319 69 0 0 0 0 0 46 0 0
321 322 1 1 69 2 2 0 0 0
329 60 1 1 15 0 0 30 0 0
330 45 0 0 30 0 0 15 0 0
331 90 0 0 30 0 0 30 0 0
333 15 0 0 0 0 0 0 0 0
345 40 1 1 8 0 0 16 0 0
346 8 0 0 0 0 0 8 0 0
347 56 0 0 16 0 0 16 0 0
348 24 1 1 0 0 0 16 0 0
349 88 1 1 58 0 0 0 0 0
350 98 0 0 28 0 0 28 0 0
351 112 0 0 42 0 0 28 0 0
352 112 0 0 42 0 0 28 0 0
353 70 0 0 28 0 0 14 0 0
355 40 0 0 24 0 0 8 0 0
356 8 0 0 0 0 0 0 0 0
363 69 1 1 23 0 0 23 0 0
364 23 0 0 23 0 0 0 0 0
365 46 0 0 46 0 0 0 0 0
fn=ctr_reflect_describe_type_pretty
390 5 1 1 0 0 0 3 0 0
391 6 0 0 3 0 0 0 0 0
399 5 1 1 2 0 0 1 0 0
400 2 0 0 2 0 0 0 0 0
fn=ctr_reflect_get_primitive_link
306 60 1 1 0 0 0 30 0 0
307 30 0 0 15 0 0 15 0 0
308 67 0 0 26 0 0 0 0 0
309 145 0 0 26 0 0 26 0 0
310 33 0 0 22 0 0 11 0 0
312 15 0 0 15 0 0 0 0 0
313 30 0 0 30 0 0 0 0 0
fn=ctr_reflect_new
6 5 1 1 0 0 0 3 0 0
7 3 1 1 0 0 0 2 0 0
8 3 0 0 2 0 0 1 0 0
9 1 0 0 1 0 0 0 0 0
10 2 0 0 2 0 0 0 0 0
fn=ctr_reflect_type_descriptor_print
252 75 2 2 0 0 0 45 0 0
253 45 0 0 0 0 0 30 0 0
254 60 0 0 30 0 0 0 0 0
255 150 1 1 60 0 0 30 0 0
257 210 1 1 45 3 1 0 0 0
259 12 0 0 0 0 0 8 0 0
260 4 0 0 0 0 0 0 0 0
265 12 0 0 0 0 0 8 0 0
266 4 0 0 0 0 0 0 0 0
268 21 1 1 0 0 0 14 0 0
269 7 0 0 0 0 0 0 0 0
303 15 0 0 15 0 0 0 0 0
304 30 0 0 30 0 0 0 0 0
fl=/home/ali/Documents/ProjectCitron/citron/siphash.c
fn=siphash24
77 3699 2 1 411 0 0 2055 0 0
78 822 0 0 411 0 0 411 0 0
79 1233 0 0 822 0 0 411 0 0
80 1644 0 0 822 0 0 411 0 0
81 1233 1 1 411 0 0 411 0 0
82 822 0 0 411 0 0 411 0 0
84 1233 0 0 411 0 0 411 0 0
85 1233 0 0 411 0 0 411 0 0
86 1233 1 1 411 0 0 411 0 0
87 1233 0 0 411 0 0 411 0 0
89 1615 1 1 602 0 0 0 0 0
90 573 0 0 382 0 0 191 0 0
91 382 0 0 382 0 0 0 0 0
92 382 0 0 382 0 0 0 0 0
93 9932 3 3 6876 0 0 1528 0 0
94 382 0 0 382 0 0 0 0 0
97 2055 0 0 411 0 0 1233 0 0
98 4110 1 1 1233 1 1 0 0 0
99 270 0 0 162 0 0 54 0 0
100 465 0 0 279 0 0 93 0 0
101 750 0 0 450 0 0 150 0 0
102 1050 0 0 630 0 0 210 0 0
103 325 1 1 195 0 0 65 0 0
104 530 1 1 318 0 0 106 0 0
105 632 0 0 474 0 0 158 0 0
107 822 0 0 822 0 0 0 0 0
109 822 0 0 822 0 0 0 0 0
110 21372 4 3 14796 0 0 3288 0 0
111 1233 1 1 1233 0 0 0 0 0
112 21372 3 3 14796 0 0 3288 0 0
113 21372 3 3 14796 0 0 3288 0 0
114 2466 0 0 1644 0 0 0 0 0
115 2055 0 0 1644 0 0 0 0 0
fl=/home/ali/Documents/ProjectCitron/citron/system.c
fn=ctr_clock_init
1761 5 1 1 0 0 0 3 0 0
1762 15 1 1 1 0 0 4 0 0
1763 11 1 1 1 0 0 3 0 0
1764 5 0 0 3 0 0 0 0 0
fn=ctr_gc_sweep
309 4 1 1 0 0 0 2 0 0
310 1 0 0 0 0 0 1 0 0
311 2 0 0 1 1 0 1 0 0
312 1 0 0 0 0 0 1 0 0
313 1 1 1 0 0 0 1 0 0
314 1 0 0 0 0 0 1 0 0
315 53 1 1 26 0 0 0 0 0
316 78 0 0 26 0 0 26 0 0
317 285 0 0 104 14 0 0 0 0
319 208 1 1 52 0 0 26 0 0
320 78 0 0 26 0 0 26 0 0
322 52 1 1 26 0 0 0 0 0
331 104 1 1 52 7 0 0 0 0
332 78 0 0 52 0 0 26 0 0
333 104 0 0 52 0 0 26 0 0
339 130 1 1 78 14 0 0 0 0
347 130 1 1 78 11 0 0 0 0
355 130 1 1 78 0 0 26 0 0
356 130 0 0 78 0 0 26 0 0
357 260 1 1 52 0 0 0 0 0
359 92 0 0 46 0 0 0 0 0
360 115 0 0 69 5 0 0 0 0
361 102 1 1 68 2 0 17 0 0
363 115 0 0 69 0 0 23 0 0
365 69 1 1 0 0 0 0 0 0
374 104 0 0 52 0 0 26 0 0
375 50 0 0 25 0 0 25 0 0
fl=/home/ali/Documents/ProjectCitron/citron/utf8.c
fn=ctr_getutf8len
30 170 2 2 0 0 0 102 0 0
32 34 0 0 0 0 0 34 0 0
33 34 0 0 0 0 0 34 0 0
34 450 1 1 278 0 0 34 0 0
35 630 0 0 210 0 0 140 0 0
36 350 0 0 140 0 0 70 0 0
38 68 0 0 68 0 0 0 0 0
39 68 0 0 68 0 0 0 0 0
fn=ctr_utf8size
18 296 1 1 0 0 0 148 0 0
19 296 0 0 74 0 0 0 0 0
20 296 1 0 74 0 0 0 0 0
21 296 0 0 74 0 0 0 0 0
22 74 0 0 0 0 0 0 0 0
23 148 0 0 148 0 0 0 0 0
fn=getBytesUtf8
44 36 1 0 0 0 0 24 0 0
45 6 1 1 0 0 0 6 0 0
46 6 0 0 0 0 0 6 0 0
47 6 0 0 0 0 0 6 0 0
48 6 0 0 0 0 0 6 0 0
49 6 0 0 0 0 0 6 0 0
51 46 0 0 20 0 0 0 0 0
52 16 0 0 8 0 0 4 0 0
53 20 0 0 12 0 0 4 0 0
54 16 0 0 4 0 0 8 0 0
55 12 0 0 8 0 0 0 0 0
56 12 0 0 8 0 0 0 0 0
57 4 0 0 4 0 0 0 0 0
59 6 0 0 6 0 0 0 0 0
60 12 0 0 12 0 0 0 0 0
fl=/home/ali/Documents/ProjectCitron/citron/walker.c
fn=ctr_cwlk_assignment
151 14 1 1 2 0 0 6 0 0
152 2 0 0 0 0 0 2 0 0
153 6 0 0 4 1 0 2 0 0
154 6 2 1 4 2 0 2 0 0
155 6 0 0 4 1 0 2 0 0
156 6 0 0 4 1 0 2 0 0
159 6 0 0 2 0 0 0 0 0
160 9 1 1 2 0 0 2 0 0
162 12 1 0 2 0 0 4 0 0
163 8 0 0 4 2 0 0 0 0
165 8 2 1 4 0 0 0 0 0
166 15 1 1 5 0 0 3 0 0
167 4 0 0 2 0 0 0 0 0
170 14 2 1 5 0 0 3 0 0
172 6 1 1 2 0 0 0 0 0
173 3 0 0 1 0 0 1 0 0
175 2 0 0 2 0 0 0 0 0
176 10 0 0 8 0 0 0 0 0
fn=ctr_cwlk_expr
183 185 1 1 0 0 0 111 0 0
187 74 0 0 0 0 0 37 0 0
190 518 1 1 111 28 2 0 0 0
192 81 1 1 36 0 0 18 0 0
193 9 0 0 0 0 0 0 0 0
201 3 0 0 0 0 0 2 0 0
202 1 0 0 0 0 0 0 0 0
204 16 1 1 8 2 0 4 0 0
205 2 0 0 0 0 0 0 0 0
207 8 0 0 2 0 0 4 0 0
208 2 0 0 0 0 0 0 0 0
210 18 1 1 6 0 0 0 0 0
213 24 1 1 12 0 0 0 0 0
215 24 1 1 12 0 0 0 0 0
222 66 1 1 24 0 0 18 0 0
224 18 0 0 6 0 0 0 0 0
227 6 0 0 0 0 0 0 0 0
229 36 1 1 9 0 0 18 1 0
230 9 0 0 0 0 0 0 0 0
232 8 1 0 2 0 0 4 0 0
233 2 0 0 0 0 0 0 0 0
235 16 1 1 4 0 0 8 0 0
236 4 0 0 0 0 0 0 0 0
242 8 1 1 4 2 0 2 0 0
243 1 0 0 0 0 0 0 0 0
245 10 1 1 4 0 0 0 0 0
246 2 0 0 0 0 0 1 0 0
247 5 0 0 2 1 0 0 0 0
248 10 1 1 7 2 0 1 0 0
249 2 0 0 0 0 0 1 0 0
251 15 1 1 6 0 0 3 0 0
252 10 1 1 2 0 0 2 0 0
253 14 0 0 4 1 0 2 0 0
254 16 1 1 10 1 0 2 0 0
255 4 0 0 2 2 0 2 0 0
256 2 0 0 0 0 0 2 0 0
257 622 0 0 310 0 0 0 0 0
258 1184 0 0 733 109 0 0 0 0
259 6 0 0 4 0 0 2 0 0
261 1475 1 1 823 110 0 0 0 0
262 8 0 0 6 0 0 2 0 0
263 14 0 0 4 0 0 2 0 0
264 2 0 0 0 0 0 0 0 0
266 924 0 0 616 36 0 308 0 0
268 4 0 0 0 0 0 2 0 0
271 3 0 0 0 0 0 2 0 0
272 1 0 0 0 0 0 0 0 0
278 37 1 1 37 0 0 0 0 0
279 74 0 0 74 2 0 0 0 0
fn=ctr_cwlk_message
38 63 2 1 9 0 0 27 0 0
39 9 0 0 0 0 0 9 0 0
40 9 0 0 0 0 0 9 0 0
42 27 0 0 18 5 0 9 0 0
43 27 1 1 18 9 0 9 0 0
45 18 0 0 9 0 0 9 0 0
49 9 0 0 0 0 0 9 0 0
50 126 1 1 27 9 1 0 0 0
52 54 0 0 24 2 0 12 0 0
53 24 1 1 12 0 0 6 0 0
54 18 0 0 6 0 0 0 0 0
55 9 0 0 2 0 0 2 0 0
57 24 1 1 12 0 0 0 0 0
60 24 0 0 6 0 0 12 0 0
62 18 0 0 6 0 0 0 0 0
63 3 1 1 1 0 0 1 0 0
65 12 0 0 6 0 0 0 0 0
68 6 0 0 0 0 0 0 0 0
79 18 1 1 8 1 0 4 0 0
80 2 0 0 0 0 0 0 0 0
89 4 2 2 1 0 0 2 0 0
90 1 0 0 0 0 0 0 0 0
95 129 1 1 60 3 0 0 0 0
99 63 0 0 42 0 0 21 0 0
100 63 0 0 42 19 0 21 0 0
101 63 1 1 42 18 0 21 0 0
102 63 0 0 42 0 0 21 0 0
103 63 0 0 21 1 0 0 0 0
104 18 1 1 4 0 0 4 1 0
106 63 0 0 42 3 0 21 0 0
107 63 0 0 0 0 0 42 0 0
108 42 0 0 21 0 0 21 0 0
109 63 0 0 42 0 0 21 0 0
110 42 1 1 21 0 0 0 0 0
112 54 0 0 36 18 0 18 0 0
114 108 0 0 18 0 0 36 0 0
115 54 0 0 36 0 0 18 0 0
118 90 1 1 18 0 0 36 0 0
119 54 0 0 36 0 0 18 0 0
120 54 0 0 36 0 0 18 0 0
121 90 0 0 36 0 0 0 0 0
126 126 1 1 42 0 0 21 0 0
127 84 0 0 42 0 0 21 0 0
128 147 1 1 84 0 0 42 1 0
129 210 0 0 63 1 0 21 0 0
130 42 0 0 21 2 0 21 0 0
131 63 0 0 21 0 0 0 0 0
134 156 1 1 78 3 0 0 0 0
135 36 0 0 18 0 0 18 0 0
136 54 0 0 36 0 0 18 0 0
137 54 0 0 18 0 0 18 0 0
139 63 0 0 21 0 0 21 0 0
140 42 0 0 21 0 0 21 0 0
142 42 0 0 21 0 0 6 0 0
143 9 0 0 9 0 0 0 0 0
144 45 1 0 36 1 0 0 0 0
fn=ctr_cwlk_run
286 14 1 1 2 0 0 6 0 0
287 2 0 0 0 0 0 2 0 0
288 2 0 0 0 0 0 2 0 0
290 6 0 0 4 2 0 2 0 0
291 18 1 1 8 0 0 0 0 0
292 24 1 1 16 5 0 8 1 0
293 32 0 0 16 0 0 0 0 0
297 8 0 0 0 0 0 8 0 0
298 48 1 1 8 0 0 16 1 0
299 24 0 0 8 0 0 0 0 0
303 176 1 1 40 3 0 0 0 0
306 34 0 0 16 3 0 0 0 0
307 18 0 0 12 0 0 6 0 0
309 8 1 0 2 0 0 2 0 0
310 2 0 0 2 0 0 0 0 0
311 10 0 0 8 0 0 0 0 0
fl=/home/ali/Documents/ProjectCitron/citron/world.c
fn=ctr_assign_value
1309 5 0 0 0 0 0 3 0 0
1310 1 0 0 0 0 0 1 0 0
1311 5 0 0 2 0 0 0 0 0
1335 2 1 1 2 0 0 0 0 0
fn=ctr_assign_value_to_local
1392 10 1 1 0 0 0 6 0 0
1393 2 0 0 0 0 0 2 0 0
1395 6 0 0 2 0 0 0 0 0
1396 12 1 1 4 0 0 2 0 0
1397 8 0 0 4 0 0 2 0 0
1398 28 1 1 6 2 2 0 0 0
1415 4 0 0 2 0 0 2 0 0
1416 2 0 0 0 0 0 0 0 0
1418 12 0 0 6 0 0 2 0 0
1419 2 0 0 2 0 0 0 0 0
1420 4 0 0 4 0 0 0 0 0
fn=ctr_assign_value_to_local_by_ref
1430 5 2 2 0 0 0 3 0 0
1431 1 0 0 0 0 0 1 0 0
1433 3 0 0 1 0 0 0 0 0
1434 6 0 0 2 0 0 1 0 0
1435 4 1 0 2 0 0 1 0 0
1436 2 0 0 1 0 0 1 0 0
1437 6 0 0 3 0 0 1 0 0
1438 1 0 0 1 0 0 0 0 0
1439 2 0 0 2 0 0 0 0 0
fn=ctr_close_context
558 2 0 0 0 0 0 1 0 0
559 8 0 0 3 1 0 1 0 0
560 3 0 0 1 0 0 0 0 0
561 4 0 0 1 0 0 1 0 0
562 2 0 0 2 0 0 0 0 0
fn=ctr_find
572 60 2 2 0 0 0 36 0 0
573 24 0 0 12 0 0 12 0 0
574 12 0 0 0 0 0 12 0 0
575 58 0 0 23 0 0 0 0 0
576 8 1 1 4 0 0 0 0 0
577 6 0 0 2 0 0 1 0 0
578 7 0 0 2 0 0 2 0 0
579 1 0 0 1 0 0 0 0 0
581 2 1 1 1 0 0 0 0 0
585 2 0 0 1 0 0 0 0 0
602 1 1 1 1 0 0 0 0 0
603 48 1 0 36 0 0 0 0 0
fn=ctr_initialize_world
693 4 2 2 0 0 0 2 0 0
694 4 0 0 0 0 0 1 0 0
697 4 0 0 0 0 0 2 0 0
698 52 1 1 33 0 0 1 0 0
699 352 0 0 16 0 0 32 0 0
701 1 1 1 0 0 0 1 0 0
702 3 0 0 0 0 0 2 1 0
703 4 0 0 2 0 0 1 0 0
704 2 0 0 1 0 0 1 0 0
707 3 1 1 0 0 0 2 0 0
708 8 0 0 1 0 0 2 0 0
709 8 1 1 1 0 0 2 0 0
710 8 0 0 1 0 0 2 0 0
711 8 1 1 1 0 0 2 0 0
712 8 1 1 1 0 0 2 0 0
716 8 0 0 1 0 0 2 0 0
717 8 1 1 1 0 0 2 0 0
718 8 1 1 1 0 0 2 0 0
719 8 0 0 1 0 0 2 0 0
720 8 1 1 1 0 0 2 0 0
721 8 0 0 1 0 0 2 0 0
722 8 1 1 1 0 0 2 0 0
723 8 1 1 1 0 0 2 0 0
724 8 0 0 1 0 0 2 0 0
725 8 1 1 1 0 0 2 0 0
726 8 1 1 1 0 0 2 0 0
727 8 0 0 1 0 0 2 0 0
728 8 1 1 1 0 0 2 0 0
729 8 0 0 1 0 0 2 0 0
730 8 1 1 1 0 0 2 0 0
731 8 1 1 1 0 0 2 0 0
732 8 0 0 1 0 0 2 0 0
733 8 1 1 1 0 0 2 0 0
734 8 1 1 1 0 0 2 0 0
735 8 0 0 1 0 0 2 0 0
736 8 1 1 1 0 0 2 0 0
737 8 0 0 1 0 0 2 0 0
738 8 1 1 1 0 0 2 0 0
739 8 1 1 1 0 0 2 0 0
741 9 0 0 2 0 0 2 0 0
742 2 1 1 1 0 0 1 0 0
743 4 0 0 2 0 0 1 0 0
746 3 0 0 0 0 0 2 1 0
747 9 1 1 2 0 0 2 0 0
748 8 1 1 1 0 0 2 0 0
749 8 0 0 1 0 0 2 0 0
750 8 1 1 1 0 0 2 0 0
751 8 0 0 1 0 0 2 0 0
752 8 1 1 1 0 0 2 0 0
753 3 0 0 2 0 0 1 0 0
754 4 1 1 2 0 0 1 0 0
757 3 0 0 0 0 0 2 1 0
758 8 0 0 1 0 0 2 0 0
759 8 1 1 1 0 0 2 0 0
760 8 1 1 1 0 0 2 0 0
761 8 0 0 1 0 0 2 0 0
762 8 1 1 1 0 0 2 0 0
763 8 1 1 1 0 0 2 0 0
764 8 0 0 1 0 0 2 0 0
765 8 1 1 1 0 0 2 0 0
766 8 0 0 1 0 0 2 0 0
767 8 1 1 1 0 0 2 0 0
768 8 1 1 1 0 0 2 0 0
769 8 0 0 1 0 0 2 0 0
770 8 1 1 1 0 0 2 0 0
771 8 1 1 1 0 0 2 0 0
772 8 0 0 1 0 0 2 0 0
773 8 1 1 1 0 0 2 0 0
774 8 0 0 1 0 0 2 0 0
775 9 1 1 2 0 0 2 0 0
776 3 0 0 2 0 0 1 0 0
777 4 1 1 2 0 0 1 0 0
780 3 0 0 0 0 0 2 0 0
781 8 1 1 1 0 0 2 0 0
782 8 0 0 1 0 0 2 0 0
783 8 1 1 1 0 0 2 0 0
784 8 0 0 1 0 0 2 0 0
785 8 1 1 1 0 0 2 0 0
786 8 1 1 1 0 0 2 0 0
787 8 0 0 1 0 0 2 0 0
788 8 1 1 1 0 0 2 0 0
789 8 1 1 1 0 0 2 0 0
790 8 0 0 1 0 0 2 0 0
791 8 1 1 1 0 0 2 0 0
792 8 0 0 1 0 0 2 0 0
793 8 1 1 1 0 0 2 0 0
794 8 1 1 1 0 0 2 0 0
795 8 0 0 1 0 0 2 0 0
796 8 1 1 1 0 0 2 0 0
797 8 1 1 1 0 0 2 0 0
798 8 0 0 1 0 0 2 0 0
799 8 1 1 1 0 0 2 0 0
800 8 0 0 1 0 0 2 0 0
801 8 1 1 1 0 0 2 0 0
802 8 1 1 1 0 0 2 0 0
803 8 0 0 1 0 0 2 0 0
804 8 1 1 1 0 0 2 0 0
805 8 1 1 1 0 0 2 0 0
806 8 0 0 1 0 0 2 0 0
807 8 1 1 1 0 0 2 0 0
808 8 0 0 1 0 0 2 0 0
809 8 1 1 1 0 0 2 0 0
810 8 1 1 1 0 0 2 0 0
811 8 0 0 1 0 0 2 0 0
812 8 1 1 1 0 0 2 0 0
813 8 1 1 1 0 0 2 0 0
814 8 0 0 1 0 0 2 0 0
815 8 1 1 1 0 0 2 0 0
816 8 0 0 1 0 0 2 0 0
817 8 1 1 1 0 0 2 0 0
818 8 1 1 1 0 0 2 0 0
819 8 0 0 1 0 0 2 0 0
820 8 1 1 1 0 0 2 0 0
821 8 1 1 1 0 0 2 0 0
822 8 0 0 1 0 0 2 0 0
823 8 1 1 1 0 0 2 0 0
824 8 0 0 1 0 0 2 0 0
825 8 1 1 1 0 0 2 0 0
826 8 1 1 1 0 0 2 0 0
827 8 0 0 1 0 0 2 0 0
828 8 1 1 1 0 0 2 0 0
829 8 1 1 1 0 0 2 0 0
830 8 0 0 1 0 0 2 0 0
831 9 1 1 2 0 0 2 0 0
832 3 0 0 2 0 0 1 0 0
833 4 0 0 2 0 0 1 0 0
836 3 1 1 0 0 0 2 0 0
837 8 0 0 1 0 0 2 0 0
838 8 1 1 1 0 0 2 0 0
839 8 1 1 1 0 0 2 0 0
840 8 0 0 1 0 0 2 0 0
841 8 1 1 1 0 0 2 0 0
842 8 0 0 1 0 0 2 0 0
843 8 1 1 1 0 0 2 0 0
844 8 1 1 1 0 0 2 0 0
845 8 0 0 1 0 0 2 0 0
846 8 1 1 1 0 0 2 0 0
847 8 1 1 1 0 0 2 0 0
848 8 0 0 1 0 0 2 0 0
849 8 1 1 1 0 0 2 0 0
850 8 0 0 1 0 0 2 0 0
851 8 1 1 1 0 0 2 0 0
852 8 1 1 1 0 0 2 0 0
853 8 0 0 1 0 0 2 0 0
854 8 1 1 1 0 0 2 0 0
855 8 1 1 1 0 0 2 0 0
856 8 0 0 1 0 0 2 0 0
857 8 1 1 1 0 0 2 0 0
858 8 0 0 1 0 0 2 0 0
859 8 1 1 1 0 0 2 0 0
860 8 1 1 1 0 0 2 0 0
861 8 0 0 1 0 0 2 0 0
862 8 1 1 1 0 0 2 0 0
863 8 1 1 1 0 0 2 0 0
864 8 0 0 1 0 0 2 0 0
865 8 1 1 1 0 0 2 0 0
866 8 0 0 1 0 0 2 0 0
867 8 1 1 1 0 0 2 0 0
868 8 1 1 1 0 0 2 0 0
869 8 0 0 1 0 0 2 0 0
870 8 1 1 1 0 0 2 0 0
871 8 1 1 1 0 0 2 0 0
872 8 0 0 1 0 0 2 0 0
873 8 1 1 1 0 0 2 0 0
874 8 0 0 1 0 0 2 0 0
875 8 1 1 1 0 0 2 0 0
876 8 1 1 1 0 0 2 0 0
877 8 0 0 1 0 0 2 0 0
878 8 1 1 1 0 0 2 0 0
879 8 1 1 1 0 0 2 0 0
880 8 0 0 1 0 0 2 0 0
881 8 1 1 1 0 0 2 0 0
882 8 0 0 1 0 0 2 0 0
883 8 1 1 1 0 0 2 0 0
884 8 1 1 1 0 0 2 0 0
885 8 0 0 1 0 0 2 0 0
886 9 1 1 2 0 0 2 0 0
887 3 0 0 2 0 0 1 0 0
888 4 1 1 2 0 0 1 0 0
891 3 0 0 0 0 0 2 0 0
892 8 1 1 1 0 0 2 0 0
893 8 0 0 1 0 0 2 0 0
894 8 1 1 1 0 0 2 0 0
895 8 0 0 1 0 0 2 0 0
896 8 1 1 1 0 0 2 0 0
897 8 1 1 1 0 0 2 0 0
898 8 0 0 1 0 0 2 0 0
899 8 1 1 1 0 0 2 0 0
900 8 1 1 1 0 0 2 0 0
901 8 0 0 1 0 0 2 0 0
902 8 1 1 1 0 0 2 0 0
903 9 0 0 2 0 0 2 0 0
904 3 1 1 2 0 0 1 0 0
905 4 0 0 2 0 0 1 0 0
908 5 0 0 1 0 0 2 0 0
909 8 1 1 1 0 0 2 0 0
910 8 1 1 1 0 0 2 0 0
911 8 0 0 1 0 0 2 0 0
912 8 1 1 1 0 0 2 0 0
913 8 1 1 1 0 0 2 0 0
914 8 0 0 1 0 0 2 0 0
915 8 1 1 1 0 0 2 0 0
916 8 0 0 1 0 0 2 0 0
917 8 1 1 1 0 0 2 0 0
918 8 1 1 1 0 0 2 0 0
919 8 0 0 1 0 0 2 0 0
920 8 1 1 1 0 0 2 0 0
921 8 1 1 1 0 0 2 0 0
922 8 0 0 1 0 0 2 0 0
923 8 1 1 1 0 0 2 0 0
924 8 0 0 1 0 0 2 0 0
925 8 1 1 1 0 0 2 0 0
926 8 1 1 1 0 0 2 0 0
927 8 0 0 1 0 0 2 0 0
928 8 1 1 1 0 0 2 0 0
929 8 1 1 1 0 0 2 0 0
930 8 0 0 1 0 0 2 0 0
931 8 1 1 1 0 0 2 0 0
932 8 0 0 1 0 0 2 0 0
933 8 1 1 1 0 0 2 0 0
934 8 1 1 1 0 0 2 0 0
935 8 0 0 1 0 0 2 0 0
936 8 1 1 1 0 0 2 0 0
937 8 1 1 1 0 0 2 0 0
938 8 0 0 1 0 0 2 0 0
939 8 1 1 1 0 0 2 0 0
940 8 0 0 1 0 0 2 0 0
941 8 1 1 1 0 0 2 0 0
942 8 1 1 1 0 0 2 0 0
943 8 0 0 1 0 0 2 0 0
944 9 1 1 2 0 0 2 0 0
945 3 0 0 2 0 0 1 0 0
946 4 1 1 2 0 0 1 0 0
949 3 0 0 0 0 0 2 1 0
950 8 0 0 1 0 0 2 0 0
951 8 1 1 1 0 0 2 0 0
952 8 1 1 1 0 0 2 0 0
953 8 0 0 1 0 0 2 0 0
954 8 1 1 1 0 0 2 0 0
955 8 1 1 1 0 0 2 0 0
956 8 0 0 1 0 0 2 0 0
957 8 1 1 1 0 0 2 0 0
958 8 0 0 1 0 0 2 0 0
959 8 1 1 1 0 0 2 0 0
960 8 1 1 1 0 0 2 0 0
961 8 0 0 1 0 0 2 0 0
962 8 1 1 1 0 0 2 0 0
963 8 1 1 1 0 0 2 0 0
964 9 0 0 2 0 0 2 0 0
965 3 1 1 2 0 0 1 0 0
966 4 0 0 2 0 0 1 0 0
969 3 0 0 0 0 0 2 1 0
970 8 1 1 1 0 0 2 0 0
971 8 0 0 1 0 0 2 0 0
972 8 1 1 1 0 0 2 0 0
973 8 1 1 1 0 0 2 0 0
974 8 0 0 1 0 0 2 0 0
975 8 1 1 1 0 0 2 0 0
976 8 0 0 1 0 0 2 0 0
977 8 1 1 1 0 0 2 0 0
978 8 1 1 1 0 0 2 0 0
979 8 0 0 1 0 0 2 0 0
980 8 1 1 1 0 0 2 0 0
981 8 1 1 1 0 0 2 0 0
982 8 0 0 1 0 0 2 0 0
983 8 1 1 1 0 0 2 0 0
984 8 0 0 1 0 0 2 0 0
985 9 1 1 2 0 0 2 0 0
986 9 1 1 2 0 0 2 0 0
987 3 0 0 2 0 0 1 0 0
988 4 0 0 2 0 0 1 0 0
991 3 1 1 0 0 0 2 0 0
992 2 0 0 1 0 0 1 0 0
993 8 1 1 1 0 0 2 0 0
994 8 0 0 1 0 0 2 0 0
995 8 1 1 1 0 0 2 0 0
996 8 0 0 1 0 0 2 0 0
997 8 1 1 1 0 0 2 0 0
998 8 1 1 1 0 0 2 0 0
999 8 0 0 1 0 0 2 0 0
1000 8 1 1 1 0 0 2 0 0
1001 8 1 1 1 0 0 2 0 0
1002 8 0 0 1 0 0 2 0 0
1003 8 1 1 1 0 0 2 0 0
1004 8 0 0 1 0 0 2 0 0
1005 8 1 1 1 0 0 2 0 0
1006 8 1 1 1 0 0 2 0 0
1007 8 0 0 1 0 0 2 0 0
1008 8 1 1 1 0 0 2 0 0
1009 8 1 1 1 0 0 2 0 0
1010 8 0 0 1 0 0 2 0 0
1011 8 1 1 1 0 0 2 0 0
1012 8 0 0 1 0 0 2 0 0
1013 8 1 1 1 0 0 2 0 0
1014 8 1 1 1 0 0 2 0 0
1015 9 0 0 2 0 0 2 0 0
1016 3 1 1 2 0 0 1 0 0
1017 4 0 0 2 0 0 1 0 0
1020 3 0 0 0 0 0 2 1 0
1021 8 1 1 1 0 0 2 0 0
1022 8 0 0 1 0 0 2 0 0
1023 8 1 1 1 0 0 2 0 0
1024 8 1 1 1 0 0 2 0 0
1025 8 0 0 1 0 0 2 0 0
1026 8 1 1 1 0 0 2 0 0
1027 8 1 1 1 0 0 2 0 0
1028 8 0 0 1 0 0 2 0 0
1029 8 1 1 1 0 0 2 0 0
1030 8 0 0 1 0 0 2 0 0
1031 8 1 1 1 0 0 2 0 0
1032 8 1 1 1 0 0 2 0 0
1033 8 0 0 1 0 0 2 0 0
1034 8 1 1 1 0 0 2 0 0
1035 8 1 1 1 0 0 2 0 0
1036 8 0 0 1 0 0 2 0 0
1037 8 1 1 1 0 0 2 0 0
1038 8 0 0 1 0 0 2 0 0
1039 8 1 1 1 0 0 2 0 0
1040 8 1 1 1 0 0 2 0 0
1041 8 0 0 1 0 0 2 0 0
1042 8 1 1 1 0 0 2 0 0
1043 8 1 1 1 0 0 2 0 0
1044 8 0 0 1 0 0 2 0 0
1045 8 1 1 1 0 0 2 0 0
1046 8 0 0 1 0 0 2 0 0
1047 8 1 1 1 0 0 2 0 0
1048 8 1 1 1 0 0 2 0 0
1049 9 0 0 2 0 0 2 0 0
1050 3 1 1 2 0 0 1 0 0
1051 4 0 0 2 0 0 1 0 0
1054 3 0 0 0 0 0 2 0 0
1055 8 1 1 1 0 0 2 0 0
1056 8 0 0 1 0 0 2 0 0
1057 8 1 1 1 0 0 2 0 0
1058 8 1 1 1 0 0 2 0 0
1059 8 0 0 1 0 0 2 0 0
1060 8 1 1 1 0 0 2 0 0
1061 8 1 1 1 0 0 2 0 0
1062 8 0 0 1 0 0 2 0 0
1063 8 1 1 1 0 0 2 0 0
1064 8 0 0 1 0 0 2 0 0
1065 8 1 1 1 0 0 2 0 0
1066 8 1 1 1 0 0 2 0 0
1067 8 0 0 1 0 0 2 0 0
1068 8 1 1 1 0 0 2 0 0
1069 8 1 1 1 0 0 2 0 0
1070 8 0 0 1 0 0 2 0 0
1071 8 1 1 1 0 0 2 0 0
1072 8 0 0 1 0 0 2 0 0
1073 8 1 1 1 0 0 2 0 0
1074 8 1 1 1 0 0 2 0 0
1075 8 0 0 1 0 0 2 0 0
1076 8 1 1 1 0 0 2 0 0
1077 8 1 1 1 0 0 2 0 0
1078 8 0 0 1 0 0 2 0 0
1079 8 1 1 1 0 0 2 0 0
1080 8 0 0 1 0 0 2 0 0
1081 8 1 1 1 0 0 2 0 0
1082 8 1 1 1 0 0 2 0 0
1083 8 0 0 1 0 0 2 0 0
1084 8 1 1 1 0 0 2 0 0
1085 9 1 1 2 0 0 2 0 0
1086 3 0 0 1 0 0 1 0 0
1087 3 0 0 2 0 0 1 0 0
1088 4 0 0 2 1 0 1 0 0
1091 3 1 1 0 0 0 2 1 0
1092 8 0 0 1 0 0 2 0 0
1093 8 1 1 1 0 0 2 0 0
1094 8 1 1 1 0 0 2 0 0
1095 9 0 0 2 0 0 2 0 0
1096 3 1 1 2 0 0 1 0 0
1097 4 0 0 2 0 0 1 0 0
1100 3 0 0 0 0 0 2 1 0
1101 8 1 1 1 0 0 2 0 0
1102 8 0 0 1 0 0 2 0 0
1103 8 1 1 1 0 0 2 0 0
1104 9 1 1 2 0 0 2 0 0
1105 3 0 0 2 0 0 1 0 0
1106 4 0 0 2 0 0 1 0 0
1109 3 0 0 0 0 0 2 0 0
1110 8 1 1 1 0 0 2 0 0
1111 8 1 1 1 0 0 2 0 0
1112 8 0 0 1 0 0 2 0 0
1113 9 1 1 2 0 0 2 0 0
1114 3 0 0 2 0 0 1 0 0
1115 4 1 1 2 0 0 1 0 0
1118 3 0 0 0 0 0 2 0 0
1119 8 0 0 1 0 0 2 0 0
1120 8 1 1 1 0 0 2 0 0
1121 8 1 1 1 0 0 2 0 0
1122 8 0 0 1 0 0 2 0 0
1123 8 1 1 1 0 0 2 0 0
1124 8 1 1 1 0 0 2 0 0
1125 8 0 0 1 0 0 2 0 0
1126 8 1 1 1 0 0 2 0 0
1127 9 1 1 2 0 0 2 0 0
1128 3 0 0 2 0 0 1 0 0
1129 4 0 0 2 0 0 1 0 0
1131 5 1 1 1 0 0 2 0 0
1133 8 0 0 1 0 0 2 0 0
1134 8 1 1 1 0 0 2 0 0
1135 8 0 0 1 0 0 2 0 0
1136 8 1 1 1 0 0 2 0 0
1137 8 1 1 1 0 0 2 0 0
1138 8 0 0 1 0 0 2 0 0
1139 8 1 1 1 0 0 2 0 0
1140 8 1 1 1 0 0 2 0 0
1141 8 0 0 1 0 0 2 0 0
1142 8 1 1 1 0 0 2 0 0
1143 8 0 0 1 0 0 2 0 0
1144 8 1 1 1 0 0 2 0 0
1145 8 1 1 1 0 0 2 0 0
1146 8 0 0 1 0 0 2 0 0
1147 8 1 1 1 0 0 2 0 0
1148 8 1 1 1 0 0 2 0 0
1149 8 0 0 1 0 0 2 0 0
1150 8 1 1 1 0 0 2 0 0
1151 8 0 0 1 0 0 2 0 0
1152 8 1 1 1 0 0 2 0 0
1153 8 1 1 1 0 0 2 0 0
1155 9 0 0 2 0 0 2 0 0
1156 4 1 1 2 0 0 1 0 0
1158 3 0 0 0 0 0 2 1 0
1159 3 0 0 2 0 0 1 0 0
1161 8 1 1 1 0 0 2 0 0
1162 8 0 0 1 0 0 2 0 0
1163 8 1 1 1 0 0 2 0 0
1165 9 1 1 2 0 0 2 0 0
1166 4 0 0 2 0 0 1 0 0
1169 1 0 0 0 0 0 1 0 0
1172 3 0 0 0 0 0 2 1 0
1173 3 1 1 0 0 0 2 0 0
1174 3 0 0 0 0 0 2 0 0
1175 4 0 0 2 0 0 1 0 0
1176 4 0 0 2 0 0 1 0 0
1177 4 1 1 2 0 0 1 0 0
1180 2 0 0 0 0 0 1 1 1
1181 2 0 0 0 0 0 1 0 0
1182 2 0 0 0 0 0 1 0 0
1183 2 1 1 0 0 0 1 0 0
1184 2 0 0 0 0 0 1 1 1
1185 2 0 0 0 0 0 1 0 0
1186 2 0 0 0 0 0 1 0 0
1187 2 0 0 0 0 0 1 0 0
1188 2 1 1 0 0 0 1 0 0
1191 2 0 0 0 0 0 1 0 0
1192 2 0 0 0 0 0 1 0 0
1193 2 0 0 0 0 0 1 0 0
1194 2 1 1 0 0 0 1 1 1
1195 2 0 0 0 0 0 1 0 0
1196 2 0 0 0 0 0 1 0 0
1199 1 0 0 0 0 0 1 0 0
1200 5 0 0 3 1 0 0 0 0
fn=ctr_internal_cast2number
461 24 0 0 0 0 0 12 0 0
462 42 0 0 18 0 0 0 0 0
472 12 0 0 12 0 0 0 0 0
fn=ctr_internal_cast2string
481 1696 1 1 0 0 0 848 0 0
482 2966 1 1 1271 0 0 0 0 0
483 3 0 0 0 0 0 2 0 0
484 3 0 0 2 0 0 1 0 0
487 12 1 1 2 0 0 0 0 0
489 5 0 0 1 0 0 2 0 0
490 1 0 0 0 0 0 0 0 0
504 3 1 1 1 0 0 1 0 0
505 5 0 0 2 0 0 0 0 0
510 1 0 0 1 0 0 0 0 0
511 848 1 1 848 0 0 0 0 0
fn=ctr_internal_create_func
448 2118 0 0 0 0 0 1412 0 0
449 1059 0 0 0 0 0 706 0 0
450 1059 0 0 706 0 0 353 0 0
451 2118 1 1 1059 0 0 353 0 0
452 1059 0 0 706 0 0 0 0 0
fn=ctr_internal_create_mapped_object
410 4570 0 0 0 0 0 2742 0 0
412 4570 1 1 914 0 0 1828 0 0
413 6398 0 0 1828 0 0 1828 0 0
414 6398 1 1 1828 0 0 1828 0 0
415 2742 0 0 1828 0 0 914 0 0
416 2742 0 0 1828 0 0 914 0 0
417 2742 1 1 1828 0 0 914 0 0
418 2742 0 0 1828 0 0 914 0 0
419 8226 0 0 2742 0 0 914 0 0
420 3656 1 1 1828 0 0 914 0 0
421 3656 0 0 1828 0 0 914 0 0
422 3656 0 0 1828 0 0 914 0 0
423 8226 0 0 2742 0 0 914 0 0
424 3656 1 1 1828 0 0 914 0 0
425 1830 0 0 915 0 0 1 0 0
426 1981 0 0 965 0 0 51 0 0
427 1828 0 0 914 0 0 0 0 0
428 3297 0 0 942 0 0 942 0 0
429 1884 0 0 942 0 0 471 0 0
430 1413 0 0 942 0 0 471 0 0
432 1828 1 1 914 0 0 914 0 0
433 2742 0 0 914 0 0 0 0 0
434 3 0 0 1 0 0 1 0 0
436 2739 0 0 1826 0 0 913 0 0
437 1826 0 0 913 0 0 913 0 0
439 914 0 0 914 0 0 0 0 0
440 1828 1 1 1828 0 0 0 0 0
fn=ctr_internal_create_object
406 3656 1 1 0 0 0 1828 0 0
407 3656 0 0 914 0 0 914 0 0
408 1828 0 0 1828 0 0 0 0 0
fn=ctr_internal_index_hash
188 1644 2 2 0 0 0 822 0 0
189 1644 0 0 411 0 0 822 0 0
190 4110 0 0 2466 0 0 411 0 0
191 822 1 1 822 0 0 0 0 0
fn=ctr_internal_memmem
378 16 0 0 0 0 0 12 0 0
382 12 0 0 2 0 0 2 0 0
383 4 0 0 2 0 0 0 0 0
384 6 1 1 2 0 0 0 0 0
385 3 0 0 2 0 0 0 0 0
386 2 0 0 1 0 0 0 0 0
387 2 0 0 1 0 0 1 0 0
388 9 1 1 3 0 0 1 0 0
393 6 1 1 3 0 0 1 0 0
394 10 0 0 4 0 0 1 0 0
397 4 0 0 4 0 0 0 0 0
fn=ctr_internal_object_add_property
327 2660 2 2 0 0 0 1900 0 0
328 1140 0 0 760 0 0 380 0 0
329 1140 0 0 0 0 0 760 0 0
330 380 0 0 0 0 0 380 0 0
331 1140 0 0 760 0 0 380 0 0
332 2280 1 1 760 0 0 760 0 0
333 1140 0 0 760 0 0 380 0 0
334 760 0 0 380 0 0 380 0 0
335 760 0 0 380 0 0 380 0 0
336 760 0 0 380 0 0 0 0 0
337 1765 1 1 1059 0 0 0 0 0
338 95 0 0 57 0 0 19 0 0
340 1336 0 0 1002 0 0 334 0 0
341 1002 0 0 668 0 0 334 0 0
342 1002 0 0 668 0 0 334 0 0
343 1336 0 0 1002 0 0 334 0 0
345 1765 1 1 1059 0 0 353 0 0
347 135 0 0 81 0 0 0 0 0
348 20 0 0 12 0 0 4 0 0
350 92 0 0 69 0 0 23 0 0
351 69 0 0 46 0 0 23 0 0
352 69 0 0 46 0 0 23 0 0
353 92 0 0 69 0 0 23 0 0
355 135 1 1 81 0 0 27 0 0
357 1493 1 1 760 0 0 0 0 0
fn=ctr_internal_object_delete_property
266 18 1 1 0 0 0 12 0 0
267 12 0 0 3 0 0 6 0 0
269 6 0 0 3 0 0 0 0 0
275 15 1 1 9 0 0 0 0 0
276 1 0 0 0 0 0 0 0 0
278 8 0 0 6 0 0 2 0 0
280 12 1 0 5 0 0 0 0 0
281 12 0 0 9 0 0 0 0 0
315 9 0 0 6 0 0 3 0 0
317 4 0 0 0 0 0 0 0 0
318 6 0 0 6 0 0 0 0 0
fn=ctr_internal_object_find_property
200 168 0 0 0 0 0 112 0 0
201 168 0 0 84 0 0 28 0 0
202 56 0 0 56 0 0 0 0 0
fn=ctr_internal_object_find_property_ignore
204 196 1 1 0 0 0 140 0 0
206 112 0 0 28 0 0 56 0 0
229 56 0 0 28 0 0 0 0 0
230 130 0 0 78 8 0 0 0 0
231 24 0 0 0 0 0 0 0 0
233 70 1 1 42 1 0 14 0 0
235 10 0 0 6 2 0 0 0 0
236 2 0 0 0 0 0 0 0 0
238 4 0 0 3 0 0 1 0 0
243 547 0 0 273 0 0 0 0 0
247 1176 0 0 846 117 0 12 0 0
251 36 0 0 24 0 0 0 0 0
253 774 0 0 516 54 0 258 0 0
255 3 0 0 0 0 0 0 0 0
256 56 1 1 56 0 0 0 0 0
fn=ctr_internal_object_is_constructible_
115 28 1 1 0 0 0 20 0 0
116 12 1 1 8 0 0 0 0 0
122 25 0 0 10 0 0 0 0 0
123 15 1 1 6 0 0 0 0 0
133 15 1 1 6 0 0 0 0 0
139 15 2 2 6 0 0 0 0 0
145 30 2 2 12 0 0 0 0 0
146 14 0 0 4 0 0 4 0 0
147 16 1 1 6 0 0 2 0 0
148 2 0 0 0 0 0 2 0 0
149 6 0 0 0 0 0 4 0 0
150 6 0 0 0 0 0 4 0 0
151 26 2 2 14 0 0 0 0 0
152 36 0 0 8 0 0 8 0 0
153 32 1 1 12 0 0 8 0 0
154 28 0 0 4 0 0 4 0 0
155 16 0 0 12 0 0 0 0 0
156 24 1 1 12 0 0 0 0 0
160 6 1 1 2 0 0 2 0 0
161 4 0 0 2 0 0 0 0 0
163 5 0 0 2 0 0 0 0 0
173 3 1 1 0 0 0 2 0 0
174 3 0 0 2 0 0 1 0 0
175 8 0 0 2 0 0 2 0 0
176 3 0 0 1 0 0 1 0 0
177 6 0 0 2 0 0 0 0 0
178 16 0 0 12 0 0 0 0 0
fn=ctr_internal_object_is_equal
55 114 2 1 0 0 0 76 0 0
56 57 0 0 38 0 0 0 0 0
62 190 1 1 76 7 0 0 0 0
63 68 0 0 51 12 0 17 0 0
64 68 1 1 51 0 0 17 0 0
65 68 0 0 51 2 0 17 0 0
66 68 0 0 51 0 0 17 0 0
67 55 0 0 34 0 0 0 0 0
68 120 1 1 45 0 0 30 0 0
69 56 0 0 15 0 0 0 0 0
70 4 0 0 0 0 0 0 0 0
72 10 1 1 4 0 0 0 0 0
78 10 1 1 4 0 0 0 0 0
84 10 1 1 4 0 0 0 0 0
96 10 2 2 4 0 0 0 0 0
105 2 0 0 0 0 0 0 0 0
106 76 1 1 57 0 0 0 0 0
fn=ctr_internal_object_set_property
366 21 0 0 0 0 0 15 0 0
367 18 0 0 9 0 0 3 0 0
368 18 1 1 12 0 0 3 0 0
369 9 0 0 6 0 0 0 0 0
fn=ctr_internal_readf
23 5 1 1 0 0 0 3 0 0
30 5 1 1 1 0 0 2 0 0
31 2 0 0 1 0 0 0 0 0
35 4 1 1 1 0 0 2 0 0
36 5 0 0 1 0 0 1 0 0
37 4 0 0 1 0 0 2 0 0
38 7 1 1 2 0 0 1 0 0
39 3 0 0 1 0 0 1 0 0
40 4 0 0 1 0 0 2 0 0
41 1 0 0 0 0 0 1 0 0
42 6091 1 1 2342 0 0 1874 0 0
43 3 0 0 1 0 0 1 0 0
44 3 0 0 2 0 0 1 0 0
45 1 0 0 1 0 0 0 0 0
46 2 0 0 2 0 0 0 0 0
fn=ctr_open_context
540 3 1 1 0 0 0 1 0 0
542 3 1 1 1 0 0 0 0 0
546 3 0 0 0 0 0 2 0 0
547 4 1 1 2 0 0 1 0 0
548 9 0 0 3 0 0 2 0 0
549 3 0 0 2 0 0 0 0 0
fn=ctr_send_message
1209 245 1 1 0 0 0 175 0 0
1210 35 0 0 0 0 0 35 0 0
1211 35 0 0 0 0 0 35 0 0
1212 35 0 0 0 0 0 35 0 0
1221 35 0 0 0 0 0 35 0 0
1223 151 0 0 58 0 0 0 0 0
1224 60 1 1 12 0 0 0 0 0
1231 12 1 1 0 0 0 12 0 0
1232 24 0 0 12 0 0 12 0 0
1233 72 0 0 36 5 1 0 0 0
1241 72 2 2 24 0 0 24 0 0
1242 48 0 0 24 0 0 12 0 0
1243 64 1 1 26 0 0 0 0 0
1244 182 0 0 52 0 0 52 0 0
1245 74 0 0 37 0 0 0 0 0
1246 74 1 1 26 0 0 0 0 0
1247 61 0 0 30 0 0 0 0 0
1248 42 0 0 28 0 0 14 0 0
1250 24 0 0 12 0 0 0 0 0
1251 2 0 0 1 0 0 1 0 0
1252 1 0 0 0 0 0 1 0 0
1253 7 1 1 3 0 0 0 0 0
1257 3 0 0 0 0 0 2 0 0
1258 8 0 0 3 0 0 2 0 0
1259 3 1 1 2 0 0 1 0 0
1260 2 0 0 1 0 0 0 0 0
1261 9 0 0 2 0 0 2 0 0
1267 3 1 1 1 0 0 1 0 0
1268 4 0 0 2 0 0 1 0 0
1269 5 0 0 2 0 0 0 0 0
1270 2 0 0 1 0 0 0 0 0
1272 55 2 1 22 6 0 0 0 0
1273 33 0 0 22 3 0 11 0 0
1287 77 0 0 33 0 0 22 2 0
1289 55 1 1 22 3 0 0 0 0
1296 66 0 0 33 2 0 11 0 0
1297 55 1 1 22 1 0 0 0 0
1298 11 0 0 11 0 0 0 0 0
1299 70 0 0 70 2 0 0 0 0
fl=???
fn=(below main)
0 54 4 4 16 1 0 15 0 0
fn=???
0 8868 56 48 8661 26 0 68 3 2
fn=_IO_default_finish
0 15 2 2 6 0 0 1 0 0
fn=_IO_default_uflow
0 20 2 2 5 0 0 3 0 0
fn=_IO_default_xsputn
0 564 4 4 149 0 0 34 0 0
fn=_IO_do_write@@GLIBC_2.2.5
0 48 2 1 9 0 0 8 0 0
fn=_IO_doallocbuf
0 50 6 3 16 1 0 8 0 0
fn=_IO_file_close
0 6 1 1 2 0 0 0 0 0
fn=_IO_file_close_it@@GLIBC_2.2.5
0 54 6 6 10 0 0 16 0 0
fn=_IO_file_doallocate
0 114 11 6 28 2 0 14 0 0
fn=_IO_file_finish@@GLIBC_2.2.5
0 12 2 2 3 0 0 2 0 0
fn=_IO_file_fopen@@GLIBC_2.2.5
0 60 6 6 13 1 1 9 0 0
fn=_IO_file_open
0 32 3 3 6 0 0 7 0 0
fn=_IO_file_overflow@@GLIBC_2.2.5
0 1134 6 6 307 0 0 178 1 1
fn=_IO_file_read
0 10 1 1 4 0 0 0 0 0
fn=_IO_file_seek
0 6 1 1 3 0 0 0 0 0
fn=_IO_file_seekoff@@GLIBC_2.2.5
0 311 21 21 88 1 0 54 0 0
fn=_IO_file_stat
0 12 2 1 3 0 0 0 0 0
fn=_IO_file_underflow@@GLIBC_2.2.5
0 54 5 5 15 0 0 15 0 0
fn=_IO_file_write@@GLIBC_2.2.5
0 148 3 3 36 0 0 24 0 0
fn=_IO_file_xsputn@@GLIBC_2.2.5
0 1626 6 6 349 5 1 160 0 0
fn=_IO_flush_all_lockp
0 103 9 9 30 7 2 15 2 0
fn=_IO_link_in
0 113 10 10 42 2 0 20 0 0
fn=_IO_new_file_init_internal
0 13 2 2 4 0 0 5 0 0
fn=_IO_no_init
0 33 3 3 5 0 0 20 2 2
fn=_IO_old_init
0 27 3 3 3 1 1 18 2 2
fn=_IO_seekoff_unlocked
0 96 3 3 18 1 0 8 0 0
fn=_IO_setb
0 65 2 1 17 1 0 16 0 0
fn=_IO_switch_to_get_mode
0 24 3 3 8 0 0 7 0 0
fn=_IO_un_link
0 6 1 1 3 0 0 0 0 0
fn=_IO_unsave_markers
0 5 1 1 3 0 0 0 0 0
fn=__GI__IO_un_link.part.1
0 102 11 11 36 0 0 16 0 0
fn=__GI___tunables_init
0 20983 7 7 4200 36 36 6 0 0
fn=__GI_strstr
0 32 4 4 12 1 1 7 0 0
fn=____strtod_l_internal
0 428 26 26 76 5 1 52 3 0
fn=__acos_finite
0 5 0 0 3 0 0 0 0 0
fn=__asin_finite
0 5 2 2 3 0 0 0 0 0
fn=__atan2_finite
0 8 1 1 3 0 0 0 0 0
fn=__bsd_signal.part.0
0 96 3 3 7 1 1 20 0 0
fn=__ctype_b_loc
0 4287 1 1 4287 1 0 0 0 0
fn=__ctype_init
0 16 2 2 10 4 0 3 0 0
fn=__cxa_atexit
0 22 2 2 5 0 0 8 0 0
fn=__default_morecore
0 21 4 2 3 0 0 3 0 0
fn=__exp_finite
0 8 1 1 3 0 0 0 0 0
fn=__fopen_internal
0 39 2 2 5 1 0 10 1 1
fn=__fopen_maybe_mmap
0 4 2 2 2 0 0 0 0 0
fn=__init_misc
0 24 2 2 7 1 0 5 1 0
fn=__libc_csu_init
0 34 2 2 9 1 0 8 0 0
fn=__libc_message
0 459 12 12 77 3 1 77 2 0
fn=__libc_pthread_init
0 393 2 2 110 7 0 58 8 8
fn=__libc_sigaction
0 179 16 16 53 0 0 47 2 1
fn=__log_finite
0 8 1 1 3 0 0 0 0 0
fn=__memcmp_avx2_movbe
0 281 6 6 74 2 0 0 0 0
fn=__memcpy_avx_unaligned_erms
0 29638 11 10 20680 19 1 19977 536 536
fn=__mempcpy_avx_unaligned_erms
0 78 0 0 0 0 0 0 0 0
fn=__memset_avx2_unaligned_erms
0 1272 4 4 37 0 0 452 25 25
fn=__mpn_construct_double
0 28 2 2 6 0 0 2 0 0
fn=__mpn_lshift
0 30 2 2 4 0 0 2 0 0
fn=__new_exitfn
0 38 7 7 11 4 1 5 0 0
fn=__overflow
0 68 2 2 16 0 0 4 0 0
fn=__pow_finite
0 5 1 1 3 0 0 0 0 0
fn=__pthread_initialize_minimal
0 202 14 14 28 9 0 56 9 4
fn=__pthread_mutex_unlock_usercnt
0 31 4 4 8 2 0 1 0 0
fn=__register_atfork
0 52 5 5 12 2 2 9 0 0
fn=__sigjmp_save
0 8 0 0 2 0 0 2 0 0
fn=__sigsetjmp
0 379 5 5 99 0 0 160 0 0
fn=__strchrnul_avx2
0 272 4 4 28 0 0 0 0 0
fn=__strlen_avx2
0 7561 8 3 917 73 57 0 0 0
fn=__strncmp_sse42
0 16086 19 19 2348 3 3 0 0 0
fn=__strncpy_ssse3
0 141 14 14 22 1 0 22 0 0
fn=__strrchr_avx2
0 27 4 4 2 1 0 0 0 0
fn=__time_syscall
0 6 0 0 2 0 0 0 0 0
fn=__tunable_get_val
0 415 4 2 92 11 0 23 0 0
fn=__uflow
0 33 4 4 11 1 0 3 0 0
fn=_dl_add_to_namespace_list
0 421 2 2 116 0 0 71 0 0
fn=_dl_add_to_slotinfo
0 20 3 3 8 3 0 5 0 0
fn=_dl_addr
0 58413 8 8 14007 1061 605 17 2 0
fn=_dl_allocate_tls_init
0 100 8 8 29 4 0 17 1 1
fn=_dl_allocate_tls_storage
0 323 3 3 7 0 0 295 37 37
fn=_dl_cache_libcmp
0 6441 3 3 1013 55 55 0 0 0
fn=_dl_catch_error
0 703 4 4 171 0 0 342 5 5
fn=_dl_check_all_versions
0 149 2 2 25 0 0 14 0 0
fn=_dl_check_map_versions
0 6466 13 13 2046 47 31 786 57 52
fn=_dl_count_modids
0 4 2 2 3 0 0 0 0 0
fn=_dl_debug_initialize
0 89 5 3 31 2 1 4 0 0
fn=_dl_debug_state
0 2 2 1 2 0 0 0 0 0
fn=_dl_determine_tlsoffset
0 66 6 6 14 0 0 9 0 0
fn=_dl_discover_osversion
0 82 4 4 12 1 1 4 1 1
fn=_dl_find_dso_for_object
0 71 4 4 29 5 0 4 0 0
fn=_dl_fixup
0 1783 7 6 644 107 18 144 1 0
fn=_dl_get_tls_static_info
0 5 1 1 3 0 0 2 1 1
fn=_dl_important_hwcaps
0 573 21 21 91 0 0 70 7 7
fn=_dl_init
0 152 5 5 42 2 0 17 0 0
fn=_dl_init_paths
0 109 10 10 16 0 0 32 2 2
fn=_dl_load_cache_lookup
0 2379 17 17 335 52 51 249 1 1
fn=_dl_lookup_symbol_x
0 85687 21 12 18517 280 207 11017 18 0
fn=_dl_map_object
0 4336 25 25 966 0 0 582 11 11
fn=_dl_map_object_deps
0 4602 39 39 986 28 2 343 6 6
fn=_dl_map_object_from_fd
0 7120 49 49 1667 75 75 820 75 75
fn=_dl_name_match_p
0 60214 8 3 15602 59 0 8926 4 1
fn=_dl_new_object
0 1691 14 14 333 10 10 334 61 61
fn=_dl_next_ld_env_entry
0 420 2 2 145 0 0 1 0 0
fn=_dl_next_tls_modid
0 6 2 2 3 0 0 1 0 0
fn=_dl_protect_relro
0 210 2 2 60 4 0 20 0 0
fn=_dl_receive_error
0 15 1 1 5 0 0 7 0 0
fn=_dl_relocate_object
0 69336 54 54 17138 1275 1089 6477 377 347
fn=_dl_runtime_resolve_avx_slow
0 276 1 1 0 0 0 0 0 0
fn=_dl_runtime_resolve_sse_vex
0 1150 14 6 414 0 0 391 2 0
fn=_dl_setup_hash
0 230 3 3 70 11 11 60 1 1
fn=_dl_start
0 867 22 20 207 32 30 74 32 31
fn=_dl_sysdep_read_whole_file
0 41 3 3 6 1 1 9 2 2
fn=_dl_sysdep_start
0 619 31 30 157 18 16 64 7 7
fn=_dl_sysdep_start_cleanup
0 1 1 0 1 0 0 0 0 0
fn=_dl_unload_cache
0 10 2 2 3 1 0 2 0 0
fn=_dl_vdso_vsym
0 136 3 2 48 8 0 8 0 0
fn=_fxstat
0 108 3 2 12 0 0 0 0 0
fn=_init
0 99 7 7 17 5 0 17 3 3
fn=_int_free
0 24332 27 19 6831 19 0 2391 3 0
fn=_int_malloc
0 693189 57 45 113151 10 1 107339 2801 2767
fn=_int_realloc
0 5233 21 13 1050 0 0 773 40 40
fn=_itoa_word
0 167 4 4 17 1 1 12 0 0
fn=_pthread_cleanup_pop_restore
0 54 2 1 18 0 0 6 0 0
fn=_pthread_cleanup_push_defer
0 72 4 2 18 3 0 30 0 0
fn=_setjmp
0 2 1 1 0 0 0 0 0 0
fn=_start
0 11 2 2 2 0 0 3 0 0
fn=abort
0 109 8 8 13 1 0 25 3 0
fn=access
0 9 2 2 1 0 0 1 0 0
fn=allocate_dtv
0 19 2 2 5 0 0 5 0 0
fn=atof
0 4 1 1 0 0 0 0 0 0
fn=bcmp
0 75 9 6 19 4 1 0 0 0
fn=brk
0 47 6 4 7 0 0 4 0 0
fn=cache_rpath.part.6
0 32 1 1 8 0 0 4 0 0
fn=call_init.part.0
0 476 5 5 169 40 0 73 0 0
fn=calloc
0 441365 13 13 99919 3 0 45729 225 224
fn=ceil
0 5 1 1 3 0 0 0 0 0
fn=ceilf
0 5 1 1 3 0 0 0 0 0
fn=check_match
0 24685 15 6 8454 574 271 2938 16 0
fn=clock_gettime
0 2 1 1 2 1 0 0 0 0
fn=close
0 54 1 1 9 0 0 0 0 0
fn=cos
0 8 1 1 3 0 0 0 0 0
fn=dl_main
0 1328 68 68 338 55 23 143 21 18
fn=do_lookup_x
0 231615 44 17 72756 1260 368 30005 16 0
fn=do_preload
0 28 2 2 8 0 0 8 0 0
fn=dso_name_valid_for_suid
0 14 2 2 5 0 0 2 0 0
fn=elision_init
0 16 2 2 5 2 0 2 1 1
fn=expand_dynamic_string_token
0 24 1 1 6 0 0 7 1 1
fn=fclose@@GLIBC_2.2.5
0 75 7 7 27 1 0 9 0 0
fn=floor
0 5 2 2 3 0 0 0 0 0
fn=floorf
0 5 1 1 3 0 0 0 0 0
fn=fopen@@GLIBC_2.2.5
0 2 1 1 0 0 0 0 0 0
fn=free
0 5390 6 3 1470 6 0 245 0 0
fn=fseek
0 78 4 4 30 0 0 8 0 0
fn=ftell
0 86 5 5 30 0 0 8 0 0
fn=fwrite
0 222 7 7 69 0 0 27 0 0
fn=get_common_indeces.constprop.1
0 64 5 5 8 0 0 15 1 1
fn=getc
0 6093 2 2 2812 8 8 937 0 0
fn=getenv
0 424 4 4 143 39 0 7 0 0
fn=getrlimit
0 9 1 1 1 0 0 0 0 0
fn=gettimeofday
0 240 3 3 20 2 0 16 0 0
fn=handle_intel.constprop.1
0 177 6 6 36 0 0 45 0 0
fn=handle_ld_preload
0 47 3 3 9 0 0 10 1 1
fn=index
0 773 5 5 108 9 9 0 0 0
fn=init_cacheinfo
0 247 15 15 20 1 0 21 3 3
fn=init_tls
0 115 6 5 28 11 1 13 0 0
fn=intel_check_word.isra.0
0 1305 9 9 111 6 6 24 0 0
fn=lseek
0 21 1 1 3 0 0 0 0 0
fn=malloc
0 1221 21 13 235 3 0 177 1 1
fn=malloc_consolidate
0 139 10 9 48 1 1 14 0 0
fn=malloc_hook_ini
0 11 2 2 3 2 1 3 0 0
fn=malloc_init_state
0 648 3 3 2 0 0 257 33 33
fn=malloc_printerr
0 81 5 5 4 2 0 16 0 0
fn=map_doit
0 14 2 2 5 0 0 3 0 0
fn=match_symbol
0 5322 3 3 2002 40 32 450 0 0
fn=memchr
0 8 0 0 3 0 0 0 0 0
fn=memcpy
0 695 4 4 205 5 2 141 29 29
fn=memcpy@@GLIBC_2.14
0 80 6 3 20 0 0 0 0 0
fn=memmove
0 48 3 3 12 0 0 0 0 0
fn=mempcpy
0 90 3 3 12 1 0 0 0 0
fn=memrchr
0 8 2 2 3 0 0 0 0 0
fn=memset
0 1778 5 5 30 0 0 874 211 211
fn=mmap
0 834 6 6 176 0 0 144 7 7
fn=mprotect
0 90 0 0 18 0 0 0 0 0
fn=munmap
0 5 1 1 1 0 0 0 0 0
fn=new_do_write
0 220 5 5 64 0 0 52 0 0
fn=open
0 171 5 5 14 0 0 11 1 1
fn=open_verify.constprop.7
0 1420 14 14 383 15 15 112 1 1
fn=openaux
0 306 1 1 144 0 0 54 0 0
fn=printf
0 108 3 3 24 1 0 44 0 0
fn=pthread_mutex_lock
0 34 5 5 8 0 0 2 0 0
fn=pthread_mutex_unlock
0 2 1 1 0 0 0 0 0 0
fn=ptmalloc_init.part.3
0 90 10 10 26 7 1 18 2 0
fn=putchar
0 120 5 5 57 0 0 12 0 0
fn=puts
0 72 7 7 26 5 0 10 0 0
fn=raise
0 51 5 4 1 0 0 18 0 0
fn=rand
0 64 1 1 16 0 0 16 0 0
fn=random
0 352 3 3 144 0 0 32 0 0
fn=random_r
0 8782 3 3 2608 0 0 1304 0 0
fn=rawmemchr
0 8 1 1 3 0 0 0 0 0
fn=read
0 66 2 2 12 0 0 0 0 0
fn=realloc
0 6494 17 9 1413 2 0 630 0 0
fn=realloc_hook_ini
0 8 2 2 3 0 0 2 0 0
fn=rindex
0 16 1 1 6 0 0 0 0 0
fn=rint
0 5 2 2 3 0 0 0 0 0
fn=rintf
0 5 1 1 3 0 0 0 0 0
fn=round_and_return
0 152 10 10 26 0 0 22 1 0
fn=round_away
0 20 1 1 2 0 0 0 0 0
fn=rtld_lock_default_lock_recursive
0 18 1 1 18 1 1 0 0 0
fn=rtld_lock_default_unlock_recursive
0 18 0 0 18 0 0 0 0 0
fn=sbrk
0 93 8 5 26 7 1 14 0 0
fn=secure_getenv
0 5 1 1 2 2 0 0 0 0
fn=sigaction
0 4 1 1 0 0 0 0 0 0
fn=signal
0 6 2 2 0 0 0 0 0 0
fn=sigprocmask
0 7 1 1 1 0 0 0 0 0
fn=sin
0 8 1 1 3 0 0 0 0 0
fn=srand
0 17 3 3 5 1 1 1 0 0
fn=srandom_r
0 2475 4 4 11 2 0 347 3 2
fn=stpcpy
0 9 1 1 4 0 0 0 0 0
fn=stpncpy
0 9 0 0 4 0 0 0 0 0
fn=str_to_mpn.isra.0
0 96 5 5 24 1 1 18 3 0
fn=strcasecmp
0 6 2 2 3 0 0 0 0 0
fn=strcasecmp_l
0 6 1 1 3 0 0 0 0 0
fn=strcat
0 9 1 1 4 0 0 0 0 0
fn=strchrnul
0 8 1 1 3 1 0 0 0 0
fn=strcmp
0 189656 113 76 38423 473 187 0 0 0
fn=strcpy
0 18 0 0 8 1 0 0 0 0
fn=strcspn
0 224 4 4 103 1 1 34 4 4
fn=strdup
0 136 2 2 24 0 0 32 0 0
fn=strlen
0 1128 6 4 169 5 5 0 0 0
fn=strncasecmp
0 6 2 2 3 0 0 0 0 0
fn=strncasecmp_l
0 6 1 1 3 0 0 0 0 0
fn=strncmp
0 24 2 1 12 1 0 0 0 0
fn=strncpy
0 18 4 2 8 2 0 0 0 0
fn=strnlen
0 16 1 1 6 0 0 0 0 0
fn=strpbrk
0 6 0 0 3 0 0 0 0 0
fn=strspn
0 6 1 1 3 0 0 0 0 0
fn=strtod
0 8 1 1 4 2 0 0 0 0
fn=sysmalloc
0 277 29 19 61 8 1 50 7 3
fn=tcache_get
0 28 3 2 12 0 0 2 0 0
fn=tcache_init.part.9
0 109 4 4 10 0 0 76 8 8
fn=tcache_put
0 330 2 1 150 3 0 60 0 0
fn=time
0 120 6 3 10 2 1 8 0 0
fn=uname
0 5 1 1 1 0 0 0 0 0
fn=version_check_doit
0 10 0 0 4 0 0 2 0 0
fn=vfprintf
0 1550 50 50 408 10 2 252 3 0
fn=wcschr
0 16 2 2 6 0 0 0 0 0
fn=wcslen
0 16 2 2 6 0 0 0 0 0
fn=wcsnlen
0 7 2 2 3 0 0 0 0 0
fn=wmemchr
0 16 2 2 6 0 0 0 0 0
fn=wmemset
0 26 2 2 6 0 0 0 0 0
fn=write
0 36 1 1 8 0 0 0 0 0
summary: 2679217 2492 2243 754857 6806 3273 382163 4896 4698
