desc: I1 cache:         32768 B, 64 B, 8-way associative
desc: D1 cache:         32768 B, 64 B, 8-way associative
desc: LL cache:         6291456 B, 64 B, 12-way associative
cmd: ./ctr tests/test0281.ctr
events: Ir I1mr ILmr Dr D1mr DLmr Dw D1mw DLmw 
fl=/home/ali/Documents/ProjectCitron/citron/base.c
fn=ctr_block_run
3462 222 32 2 0 0 0 148 0 0
3464 111 0 0 74 1 0 37 0 0
3465 111 0 0 74 4 0 37 0 0
3466 111 0 0 74 9 0 37 0 0
3467 148 26 1 111 10 0 37 0 0
3468 111 0 0 74 10 0 37 0 0
3472 74 0 0 0 0 0 37 0 0
3473 202 0 0 101 4 0 0 0 0
3474 96 24 1 64 0 0 32 0 0
3476 192 0 0 96 0 0 0 0 0
3477 384 24 1 128 33 0 32 0 0
3478 128 0 0 64 0 0 0 0 0
3481 192 6 1 96 0 0 0 0 0
3491 64 19 1 32 0 0 0 0 0
3492 96 0 0 64 0 0 32 0 0
3493 416 8 1 160 0 0 64 0 0
3496 128 0 0 64 0 0 0 0 0
3497 96 0 0 64 0 0 32 0 0
3498 160 3 0 64 0 0 0 0 0
3503 114 4 2 47 2 0 10 0 0
3504 259 0 0 37 0 0 74 0 0
3505 148 1 0 37 0 0 74 5 0
3506 74 1 1 37 0 0 0 0 0
3507 25 0 0 10 0 0 5 0 0
3509 74 0 0 0 0 0 37 0 0
3510 111 0 0 37 0 0 0 0 0
3522 37 1 1 37 0 0 0 0 0
3523 74 4 1 74 5 0 0 0 0
fn=ctr_block_runIt
3601 5 2 2 0 0 0 3 0 0
3603 7 1 0 3 0 0 2 0 0
3604 8 1 1 4 0 0 0 0 0
3605 1 0 0 1 0 0 0 0 0
3606 2 0 0 2 1 0 0 0 0
fn=ctr_build_block
3430 116 17 2 0 0 0 58 0 0
3431 87 0 0 0 0 0 58 0 0
3432 87 0 0 58 0 0 29 0 0
3433 87 0 0 58 8 0 29 0 0
3435 29 0 0 29 0 0 0 0 0
3436 58 0 0 58 0 0 0 0 0
fn=ctr_build_bool
757 4 1 1 0 0 0 2 0 0
758 3 0 0 0 0 0 2 0 0
759 5 0 0 2 0 0 1 0 0
760 5 1 1 2 0 0 1 0 0
761 3 0 0 2 0 0 1 0 0
762 1 0 0 1 0 0 0 0 0
763 2 0 0 2 0 0 0 0 0
fn=ctr_build_empty_string
1874 12 0 0 0 0 0 6 0 0
1875 18 3 1 0 0 0 6 0 0
1876 12 0 0 12 0 0 0 0 0
fn=ctr_build_immutable
3384 200 1 1 0 0 0 120 0 0
3385 120 0 0 0 0 0 80 0 0
3386 120 0 0 80 0 0 40 0 0
3387 200 7 1 40 0 0 80 0 0
3388 200 0 0 120 0 0 40 0 0
3389 120 0 0 80 0 0 40 0 0
3390 200 27 1 80 0 0 80 0 0
3391 120 0 0 80 0 0 40 0 0
3392 120 0 0 80 0 0 40 0 0
3394 120 0 0 0 0 0 80 0 0
3395 200 16 1 160 29 0 40 0 0
3397 120 0 0 0 0 0 80 0 0
3398 508 2 1 234 18 0 0 0 0
3399 546 0 0 234 0 0 156 2 0
3400 312 0 0 156 42 0 78 0 0
3401 234 0 0 156 0 0 78 2 0
3402 390 0 0 156 0 0 78 0 0
3403 352 0 0 156 4 0 0 0 0
3404 114 0 0 76 0 0 38 0 0
3406 160 0 0 80 1 0 40 0 0
3407 120 0 0 40 0 0 40 0 0
3408 120 0 0 40 0 0 40 0 0
3409 40 0 0 40 0 0 0 0 0
3410 160 0 0 120 2 0 0 0 0
fn=ctr_build_nil
39 4 2 1 0 0 0 2 0 0
40 2 0 0 2 0 0 0 0 0
41 4 0 0 4 0 0 0 0 0
fn=ctr_build_number_from_float
1097 1160 4 1 0 0 0 580 0 0
1098 870 0 0 0 0 0 580 0 0
1099 870 0 0 580 0 0 290 0 0
1100 870 15 1 580 0 0 290 0 0
1101 290 0 0 290 0 0 0 0 0
1102 580 0 0 580 0 0 0 0 0
fn=ctr_build_number_from_string
1076 335 3 1 0 0 0 201 0 0
1078 201 0 0 0 0 0 134 0 0
1080 268 0 0 134 0 0 67 0 0
1082 201 0 0 0 0 0 134 0 0
1083 469 3 1 201 0 0 67 0 0
1084 402 0 0 134 0 0 134 0 0
1085 201 0 0 134 0 0 67 0 0
1086 201 1 0 67 0 0 67 0 0
1087 67 0 0 67 0 0 0 0 0
1088 134 0 0 134 0 0 0 0 0
fn=ctr_build_string
1806 6192 2 2 0 0 0 4128 0 0
1807 3096 0 0 0 0 0 2064 0 0
1808 2064 0 0 1032 0 0 0 0 0
1809 6120 0 0 3060 0 0 2040 0 0
1810 8160 1 1 5100 0 0 1020 0 0
1812 4128 0 0 3096 0 0 1032 0 0
1813 3096 0 0 2064 1 0 1032 0 0
1814 1032 0 0 1032 0 0 0 0 0
1815 4128 0 0 3096 0 0 0 0 0
fn=ctr_build_string_from_cstring
1862 2612 1 1 0 0 0 1306 0 0
1863 5224 0 0 1306 0 0 1306 0 0
1864 1306 0 0 1306 0 0 0 0 0
fn=ctr_is_primitive
3737 681 2 1 0 0 0 454 0 0
3738 227 0 0 227 0 0 0 0 0
3739 681 0 0 454 0 0 0 0 0
3740 681 15 1 454 0 0 0 0 0
3741 345 0 0 230 0 0 0 0 0
3742 279 0 0 186 1 0 0 0 0
3743 279 15 1 186 0 0 0 0 0
3744 279 0 0 186 0 0 0 0 0
3745 261 0 0 174 0 0 0 0 0
3746 261 0 0 174 0 0 0 0 0
3747 231 15 1 154 0 0 0 0 0
3748 231 0 0 154 0 0 0 0 0
3749 231 0 0 154 1 0 0 0 0
3750 231 0 0 154 0 0 0 0 0
3751 231 0 0 154 0 0 0 0 0
3752 231 2 1 154 1 0 0 0 0
3753 231 0 0 154 0 0 0 0 0
3754 231 0 0 154 0 0 0 0 0
3755 231 0 0 154 0 0 0 0 0
3756 1062 0 0 381 0 0 0 0 0
3757 454 0 0 454 0 0 0 0 0
fn=ctr_nil_assign
84 14 2 2 3 0 0 5 0 0
85 6 0 0 3 0 0 0 0 0
90 11 2 2 2 0 0 2 0 0
91 2 0 0 1 0 0 0 0 0
99 4 1 1 3 0 0 0 0 0
fn=ctr_number_assign
1060 39 4 2 9 0 0 12 0 0
1061 18 0 0 9 0 0 0 0 0
1066 66 6 3 12 0 0 12 0 0
1068 33 0 0 15 1 0 3 0 0
1069 3 0 0 3 0 0 0 0 0
1070 6 0 0 6 0 0 0 0 0
fn=ctr_number_to_string
1761 15 3 1 0 0 0 9 0 0
1762 6 0 0 3 0 0 3 0 0
1769 9 3 1 0 0 0 6 0 0
1770 3 0 0 0 0 0 3 0 0
1771 15 0 0 3 0 0 6 0 0
1772 27 2 1 9 2 0 3 0 0
1773 21 0 0 6 0 0 6 0 0
1774 315 2 1 126 0 0 30 0 0
1775 9 0 0 3 0 0 3 0 0
1776 18 0 0 9 0 0 3 0 0
1777 27 2 1 9 0 0 6 0 0
1778 9 0 0 3 0 0 3 0 0
1779 12 0 0 3 0 0 6 0 0
1780 21 0 0 6 0 0 6 0 0
1781 9 0 0 3 0 0 3 0 0
1782 3 0 0 3 0 0 0 0 0
1783 6 0 0 6 0 0 0 0 0
fn=ctr_object_assign
210 26 6 2 6 0 0 8 0 0
211 6 0 0 4 4 0 2 0 0
212 6 2 1 4 0 0 2 0 0
213 10 0 0 4 0 0 2 0 0
214 6 1 0 4 2 0 2 2 0
215 2 0 0 2 0 0 0 0 0
216 4 0 0 4 0 0 0 0 0
fn=ctr_object_ctor
119 20 1 1 0 0 0 12 0 0
120 4 0 0 0 0 0 4 0 0
121 12 0 0 0 0 0 8 0 0
122 12 0 0 8 0 0 4 0 0
123 24 1 1 12 0 0 0 0 0
124 12 0 0 0 0 0 8 0 0
125 28 0 0 16 0 0 4 0 0
126 12 0 0 4 0 0 4 0 0
128 4 0 0 4 0 0 0 0 0
129 8 0 0 8 0 0 0 0 0
fn=ctr_send_message_variadic
3630 126 6 2 9 0 0 72 0 0
3631 18 0 0 9 0 0 0 0 0
3632 27 3 1 0 0 0 18 0 0
3633 18 3 1 9 0 0 9 0 0
3635 54 0 0 0 0 0 36 0 0
3636 99 6 2 45 0 0 9 0 0
3637 126 3 1 54 0 0 18 0 0
3638 45 0 0 9 0 0 18 0 0
3639 27 0 0 18 0 0 9 0 0
3642 72 0 0 36 0 0 18 0 0
3643 18 3 1 9 0 0 9 0 0
3644 117 3 1 54 0 0 0 0 0
3645 72 0 0 36 0 0 9 0 0
3646 27 0 0 18 0 0 9 0 0
3648 27 0 0 9 0 0 9 0 0
3649 9 0 0 9 0 0 0 0 0
3650 45 3 1 36 0 0 0 0 0
fn=ctr_string_append
1966 240 40 1 0 0 0 144 0 0
1971 240 0 0 96 0 0 96 0 0
1972 192 0 0 144 0 0 48 0 0
1973 192 24 1 144 0 0 48 0 0
1974 288 0 0 96 0 0 96 0 0
1975 384 0 0 240 0 0 48 0 0
1976 480 24 1 288 1 0 48 0 0
1977 240 0 0 144 0 0 0 0 0
1978 240 0 0 144 0 0 48 0 0
1980 192 10 1 144 0 0 48 0 0
1981 288 0 0 192 0 0 48 0 0
1982 48 0 0 48 0 0 0 0 0
1983 96 0 0 96 0 0 0 0 0
fn=ctr_string_assign
1839 20 1 1 0 0 0 12 0 0
1840 24 0 0 12 0 0 0 0 0
1841 5 0 0 1 0 0 2 0 0
1842 6 1 1 2 0 0 1 0 0
1844 24 0 0 9 0 0 3 0 0
1845 18 1 1 9 0 0 0 0 0
1850 66 2 2 12 0 0 12 0 0
1852 33 0 0 15 1 0 3 0 0
1853 3 0 0 3 0 0 0 0 0
1854 8 0 0 8 1 0 0 0 0
fn=ctr_string_at
2268 35 3 1 0 0 0 21 0 0
2269 35 0 0 14 0 0 14 0 0
2270 28 0 0 14 0 0 7 0 0
2271 56 3 1 28 3 0 14 0 0
2272 63 3 1 28 0 0 14 0 0
2274 28 0 0 7 0 0 14 0 0
2275 70 0 0 42 0 0 7 0 0
2276 42 2 1 14 0 0 14 0 0
2277 21 0 0 7 0 0 7 0 0
2278 7 0 0 7 0 0 0 0 0
2279 14 0 0 14 0 0 0 0 0
fn=ctr_string_characters
3029 10 2 2 0 0 0 6 0 0
3034 10 0 0 2 0 0 4 0 0
3035 6 0 0 0 0 0 4 0 0
3036 2 0 0 0 0 0 2 0 0
3037 87 1 1 68 1 0 0 0 0
3038 150 1 1 75 0 0 30 0 0
3039 195 0 0 90 0 0 30 0 0
3040 75 0 0 30 0 0 15 0 0
3041 45 0 0 30 0 0 0 0 0
3043 6 0 0 2 0 0 2 0 0
3044 2 1 1 2 0 0 0 0 0
3045 4 0 0 4 0 0 0 0 0
fn=ctr_string_concat
1931 60 2 1 0 0 0 36 0 0
1932 36 0 0 0 0 0 24 0 0
1937 60 2 1 24 0 0 24 0 0
1938 48 0 0 36 0 0 12 0 0
1939 48 0 0 36 2 0 12 0 0
1940 72 2 1 24 0 0 24 0 0
1941 96 0 0 60 0 0 12 0 0
1942 120 2 1 72 0 0 12 0 0
1943 108 0 0 36 0 0 24 0 0
1944 36 0 0 12 0 0 12 0 0
1945 12 0 0 12 0 0 0 0 0
1946 24 0 0 24 0 0 0 0 0
fn=ctr_string_eval
3207 120 1 1 0 0 0 72 0 0
3213 48 0 0 24 0 0 24 0 0
3214 72 0 0 0 0 0 48 0 0
3215 120 4 1 24 0 0 24 0 0
3216 144 0 0 24 0 0 24 0 0
3218 72 0 0 0 0 0 48 0 0
3219 72 0 0 48 0 0 24 0 0
3220 192 19 1 24 0 0 72 1 0
3221 120 0 0 24 0 0 48 0 0
3222 144 6 1 48 0 0 48 0 0
3223 96 0 0 72 0 0 24 5 0
3224 192 0 0 96 0 0 48 8 0
3225 72 24 1 24 0 0 24 0 0
3226 96 0 0 24 0 0 48 0 0
3227 72 0 0 24 0 0 24 0 0
3228 48 0 0 24 0 0 0 0 0
3229 72 24 1 24 0 0 24 0 0
3230 48 0 0 24 0 0 24 0 0
3231 24 0 0 24 0 0 0 0 0
3232 48 0 0 48 0 0 0 0 0
fn=ctr_string_is_ctor
1822 5 1 1 0 0 0 3 0 0
1823 6 0 0 3 0 0 0 0 0
1824 5 0 0 1 0 0 2 0 0
1825 16 1 1 6 0 0 2 0 0
1832 2 1 1 2 0 0 0 0 0
fn=ctr_string_to_string
2407 72 24 2 0 0 0 54 0 0
2408 18 0 0 18 0 0 0 0 0
2409 36 0 0 36 0 0 0 0 0
fl=/home/ali/Documents/ProjectCitron/citron/citron.c
fn=ctr_cli_read_args
31 5 1 1 0 0 0 3 0 0
32 2 0 0 1 0 0 0 0 0
36 3 0 0 0 0 0 2 1 0
37 8 0 0 3 2 0 1 0 0
38 3 0 0 2 0 0 0 0 0
fn=main
45 8 2 2 1 0 0 4 0 0
48 1 0 0 0 0 0 1 0 0
51 2 0 0 0 0 0 2 0 0
52 2 0 0 0 0 0 2 0 0
53 2 0 0 0 0 0 2 0 0
54 2 0 0 0 0 0 1 1 1
55 2 0 0 0 0 0 1 1 1
56 2 1 1 0 0 0 1 1 1
58 1 0 0 0 0 0 1 1 1
59 2 0 0 1 0 0 1 0 0
60 2 0 0 1 0 0 1 1 1
61 1 0 0 0 0 0 1 0 0
62 1 0 0 0 0 0 1 1 1
63 1 1 1 0 0 0 1 1 1
64 1 0 0 0 0 0 1 1 1
65 1 0 0 0 0 0 1 1 1
66 1 0 0 0 0 0 1 0 0
67 1 0 0 0 0 0 1 0 0
68 5 0 0 2 0 0 1 0 0
69 1 1 1 0 0 0 1 1 0
70 2 0 0 0 0 0 1 1 0
71 2 0 0 0 0 0 1 0 0
72 2 0 0 0 0 0 1 0 0
73 2 0 0 0 0 0 1 1 1
74 4 1 1 1 0 0 2 0 0
75 4 0 0 1 0 0 2 0 0
76 4 1 1 1 0 0 2 0 0
77 3 0 0 1 0 0 0 0 0
78 6 0 0 1 0 0 2 1 0
79 6 1 1 2 0 0 2 0 0
81 2 0 0 0 0 0 1 0 0
82 3 1 0 1 1 0 1 0 0
84 2 1 0 0 0 0 1 0 0
fl=/home/ali/Documents/ProjectCitron/citron/collections.c
fn=ctr_array_assign
735 30 3 1 0 0 0 20 0 0
736 15 0 0 10 0 0 5 0 0
737 35 0 0 10 0 0 5 0 0
739 15 2 1 0 0 0 10 0 0
740 15 0 0 0 0 0 10 0 0
742 25 0 0 10 0 0 0 0 0
743 137 9 3 80 0 0 5 0 0
744 45 0 0 9 0 0 18 0 0
745 27 0 0 18 0 0 9 0 0
747 72 3 1 27 0 0 18 0 0
748 189 3 1 18 0 0 36 0 0
753 54 3 1 18 0 0 18 0 0
754 63 0 0 18 0 0 9 0 0
762 15 3 1 5 0 0 5 0 0
763 15 0 0 5 0 0 5 0 0
764 5 0 0 5 0 0 0 0 0
765 20 3 1 15 0 0 0 0 0
fn=ctr_array_count
539 370 8 1 0 0 0 222 0 0
540 148 0 0 0 0 0 74 0 0
541 1184 29 2 444 36 0 74 0 0
542 222 0 0 74 0 0 74 0 0
543 148 0 0 148 0 0 0 0 0
fn=ctr_array_get
381 1125 22 2 0 0 0 675 0 0
382 675 0 0 450 0 0 225 0 0
384 1125 0 0 450 0 0 0 0 0
389 900 18 1 450 0 0 225 0 0
390 450 0 0 225 0 0 0 0 0
391 2925 11 1 1800 0 0 0 0 0
396 2700 16 1 1800 16 0 0 0 0
397 450 10 1 450 0 0 0 0 0
fn=ctr_array_new
32 420 1 1 0 0 0 280 0 0
33 210 0 0 0 0 0 140 0 0
34 210 0 0 140 0 0 70 0 0
35 350 2 1 70 0 0 140 0 0
36 350 0 0 210 0 0 70 0 0
37 210 0 0 140 0 0 70 0 0
38 350 0 0 140 0 0 140 0 0
39 210 2 1 140 0 0 70 0 0
40 210 0 0 140 0 0 70 0 0
41 70 0 0 70 0 0 0 0 0
42 280 0 0 210 0 0 0 0 0
fn=ctr_array_new_and_push
275 5 1 1 0 0 0 3 0 0
276 5 0 0 1 0 0 2 0 0
277 5 0 0 2 0 0 1 0 0
278 2 0 0 2 0 0 0 0 0
fn=ctr_array_push
64 828 2 1 0 0 0 552 0 0
65 828 0 0 414 0 0 0 0 0
70 1242 14 1 828 0 0 0 0 0
71 729 26 1 405 0 0 81 0 0
72 810 0 0 405 0 0 162 0 0
73 243 0 0 243 0 0 0 0 0
76 414 2 1 276 0 0 138 0 0
77 1380 0 0 966 0 0 138 0 0
78 690 3 0 414 0 0 138 0 0
79 138 0 0 138 0 0 0 0 0
80 552 0 0 414 0 0 0 0 0
fn=ctr_array_push_imm
81 468 2 1 0 0 0 312 0 0
83 702 0 0 468 4 0 0 0 0
84 369 15 1 205 0 0 41 0 0
85 410 15 1 205 0 0 82 0 0
86 123 0 0 123 0 0 0 0 0
89 234 0 0 156 0 0 78 0 0
90 780 2 1 546 1 0 78 1 0
91 390 0 0 234 0 0 78 0 0
92 78 0 0 78 0 0 0 0 0
93 312 0 0 234 0 0 0 0 0
fn=ctr_array_put
452 320 5 1 0 0 0 192 0 0
453 384 0 0 192 4 0 0 0 0
457 192 3 1 128 0 0 64 0 0
458 384 0 0 192 0 0 128 0 0
463 320 0 0 128 0 0 0 0 0
469 256 15 1 192 1 0 64 0 0
470 256 24 1 192 0 0 64 0 0
471 576 10 1 256 12 1 128 0 0
472 192 0 0 128 0 0 0 0 0
473 288 0 0 144 0 0 0 0 0
478 480 16 2 288 0 0 48 0 0
480 144 0 0 0 0 0 96 0 0
481 144 0 0 96 9 0 48 0 0
482 240 0 0 96 0 0 48 0 0
483 144 0 0 48 0 0 48 0 0
485 240 0 0 144 0 0 48 0 0
487 192 0 0 128 0 0 0 0 0
494 512 24 1 320 0 0 64 1 0
495 64 0 0 64 0 0 0 0 0
496 128 0 0 128 0 0 0 0 0
fn=ctr_map_assign
1314 10 2 1 0 0 0 6 0 0
1315 6 0 0 4 2 0 2 0 0
1316 14 4 1 4 0 0 2 0 0
1320 8 0 0 6 6 0 2 0 0
1321 6 0 0 0 0 0 4 0 0
1322 12 2 1 5 0 0 0 0 0
1323 12 2 1 9 3 0 0 0 0
1328 30 2 1 12 0 0 6 0 0
1329 12 0 0 6 3 0 3 0 0
1330 24 4 1 9 0 0 3 0 0
1337 9 1 0 6 1 0 3 1 0
1338 24 0 0 9 1 0 3 0 0
1340 9 0 0 6 5 0 3 0 0
1342 6 0 0 2 0 0 2 0 0
1343 2 0 0 2 0 0 0 0 0
1344 4 0 0 4 0 0 0 0 0
fn=ctr_map_kvlist
1138 60 5 0 0 0 0 40 0 0
1139 30 0 0 20 0 0 10 0 0
1141 50 10 1 20 0 0 0 0 0
1146 40 5 1 20 0 0 10 0 0
1147 40 0 0 30 12 0 10 0 0
1148 30 0 0 0 0 0 20 0 0
1149 50 0 0 10 0 0 20 0 0
1150 30 2 1 0 0 0 20 0 0
1151 50 0 0 10 0 0 20 0 0
1152 50 0 0 10 0 0 20 0 0
1153 58 5 1 24 0 0 0 0 0
1154 56 10 1 42 12 0 14 0 0
1155 70 0 0 28 0 0 28 0 0
1156 70 0 0 28 0 0 14 0 0
1158 56 0 0 42 0 0 14 0 0
1159 84 2 1 42 0 0 28 0 0
1160 70 0 0 28 0 0 14 0 0
1162 42 0 0 28 0 0 14 0 0
1163 126 2 1 42 0 0 28 0 0
1164 84 0 0 42 0 0 0 0 0
1168 56 5 1 42 0 0 0 0 0
1176 70 0 0 28 0 0 14 0 0
1177 42 0 0 28 4 0 14 0 0
1179 40 0 0 20 0 0 10 0 0
1180 40 10 1 20 0 0 10 0 0
1181 30 0 0 10 0 0 10 0 0
1182 30 0 0 10 0 0 10 0 0
1183 40 0 0 20 0 0 10 0 0
1184 40 0 0 20 0 0 10 0 0
1185 10 0 0 10 0 0 0 0 0
1186 40 10 1 30 0 0 0 0 0
fn=ctr_map_kvmap
1079 84 10 1 0 0 0 56 0 0
1080 42 0 0 28 0 0 14 0 0
1082 70 0 0 28 0 0 0 0 0
1087 56 7 1 28 0 0 14 0 0
1088 56 0 0 42 19 0 14 0 0
1089 42 3 1 0 0 0 28 0 0
1090 70 0 0 14 0 0 28 0 0
1091 42 0 0 0 0 0 28 0 0
1092 70 5 1 14 0 0 28 0 0
1093 70 0 0 14 1 0 28 0 0
1094 78 18 2 32 0 0 0 0 0
1095 72 0 0 54 17 0 18 0 0
1096 90 5 1 36 0 0 36 0 0
1097 90 0 0 36 0 0 18 0 0
1099 72 0 0 54 0 0 18 0 0
1100 108 2 1 54 0 0 36 0 0
1101 90 0 0 36 0 0 18 0 0
1103 54 0 0 36 0 0 18 0 0
1104 162 5 1 54 4 0 36 3 0
1105 108 0 0 54 0 0 0 0 0
1109 72 1 1 54 0 0 0 0 0
1113 54 0 0 36 0 0 18 0 0
1114 108 5 1 36 0 0 36 3 0
1115 144 0 0 54 0 0 36 0 0
1116 90 0 0 18 0 0 36 0 0
1117 144 0 0 72 2 0 36 2 0
1119 90 0 0 36 0 0 18 0 0
1120 54 0 0 36 9 0 18 0 0
1122 56 0 0 28 1 0 14 0 0
1123 56 0 0 28 0 0 14 0 0
1124 42 0 0 14 0 0 14 0 0
1125 42 0 0 14 0 0 14 0 0
1126 56 10 1 28 2 0 14 0 0
1127 56 0 0 28 0 0 14 0 0
1128 14 0 0 14 0 0 0 0 0
1129 56 0 0 42 5 0 0 0 0
fn=ctr_map_new
935 70 2 1 0 0 0 42 0 0
936 42 9 1 0 0 0 28 0 0
937 42 0 0 28 0 0 14 0 0
938 14 0 0 14 0 0 0 0 0
939 28 0 0 28 0 0 0 0 0
fn=ctr_map_put
961 90 9 1 0 0 0 54 0 0
965 54 0 0 36 0 0 18 0 0
966 54 0 0 36 0 0 18 0 0
967 54 0 0 0 0 0 36 0 0
968 36 0 0 18 0 0 18 0 0
969 36 0 0 18 0 0 18 0 0
971 162 3 1 54 0 0 36 0 0
974 90 0 0 36 0 0 0 0 0
978 108 1 1 54 20 0 36 0 0
979 72 0 0 54 0 0 18 0 0
980 144 1 1 90 0 0 18 0 0
981 198 0 0 54 0 0 36 0 0
982 198 1 1 72 0 0 36 0 0
983 54 0 0 18 0 0 18 0 0
984 54 0 0 18 0 0 18 0 0
985 18 0 0 18 0 0 0 0 0
986 36 0 0 36 0 0 0 0 0
fl=/home/ali/Documents/ProjectCitron/citron/fiber.c
fn=ctr_fiber_begin_init
245 4 1 1 0 0 0 2 0 0
246 2 0 0 0 0 0 1 0 0
248 3 0 0 0 0 0 2 0 0
249 8 1 1 1 0 0 2 0 0
250 8 1 1 1 0 0 2 0 0
251 8 0 0 1 0 0 2 0 0
252 8 1 1 1 0 0 2 0 0
253 8 1 1 1 0 0 2 0 0
254 8 0 0 1 0 0 2 0 0
255 8 1 1 1 0 0 2 0 0
256 12 1 1 2 0 0 3 0 0
257 4 0 0 2 0 0 1 0 0
259 9 1 1 2 0 0 2 0 0
260 5 0 0 3 0 0 0 0 0
fn=initFibers
81 2 1 1 0 0 0 1 0 0
83 34 0 0 21 0 0 1 0 0
85 50 0 0 10 0 0 10 10 10
88 1 0 0 0 0 0 0 0 0
89 2 0 0 2 0 0 0 0 0
fl=/home/ali/Documents/ProjectCitron/citron/lexer.c
fn=check_next_line_empty
196 102 1 1 17 0 0 34 0 0
197 68 0 0 34 1 0 0 0 0
199 119 0 0 34 0 0 0 0 0
210 85 1 1 68 0 0 0 0 0
fn=ctr_clex_is_delimiter
60 12 2 2 0 0 0 6 0 0
64 6 0 0 3 0 0 0 0 0
65 6 0 0 3 0 0 0 0 0
68 12 0 0 3 0 0 0 0 0
69 6 0 0 6 0 0 0 0 0
fn=ctr_clex_load
88 100 2 1 0 0 0 50 0 0
89 50 0 0 25 0 0 25 9 1
90 125 2 1 25 8 0 50 1 0
91 50 0 0 25 0 0 25 1 0
92 100 0 0 50 1 0 25 10 1
93 25 0 0 0 0 0 25 3 0
94 75 0 0 50 1 0 0 0 0
fn=ctr_clex_putback
186 1824 2 1 0 0 0 912 0 0
187 2736 0 0 912 0 0 0 0 0
188 198 0 0 66 0 0 66 0 0
189 66 0 0 0 0 0 0 0 0
191 1692 3 1 846 0 0 846 0 0
192 1692 0 0 846 0 0 846 0 0
193 1692 0 0 846 0 0 846 0 0
194 1824 0 0 1824 0 0 0 0 0
fn=ctr_clex_readstr
442 48 0 0 0 0 0 16 0 0
445 16 0 0 0 0 0 16 0 0
448 16 0 0 0 0 0 16 0 0
451 48 0 0 16 0 0 0 0 0
452 18 0 0 6 0 0 6 0 0
453 6 0 0 0 0 0 6 0 0
456 16 1 1 0 0 0 16 0 0
457 64 0 0 16 0 0 32 0 0
458 48 0 0 0 0 0 32 0 0
459 48 0 0 32 0 0 16 0 0
460 16 1 1 0 0 0 16 0 0
461 32 0 0 16 0 0 16 0 0
462 84 0 0 0 0 0 0 0 0
464 102 1 1 68 0 0 0 0 0
466 20 0 0 10 0 0 0 0 0
470 20 0 0 0 0 0 0 0 0
472 10 0 0 10 0 0 0 0 0
485 48 0 0 0 0 0 0 0 0
486 72 0 0 48 0 0 0 0 0
487 48 0 0 24 0 0 0 0 0
488 12 0 0 0 0 0 0 0 0
489 30 1 1 12 0 0 0 0 0
490 18 0 0 12 0 0 0 0 0
492 6 0 0 0 0 0 6 0 0
493 414 2 2 162 0 0 12 0 0
494 132 1 1 48 0 0 6 0 0
495 30 1 1 6 0 0 12 0 0
496 18 0 0 6 0 0 6 0 0
497 54 1 1 18 0 0 6 0 0
498 6 0 0 0 0 0 6 0 0
499 30 0 0 12 0 0 6 0 0
500 6 0 0 0 0 0 0 0 0
504 36 1 1 18 0 0 0 0 0
506 36 0 0 18 0 0 0 0 0
532 36 1 1 18 0 0 0 0 0
538 54 2 2 18 0 0 18 0 0
539 72 0 0 36 0 0 0 0 0
540 20 0 0 20 0 0 0 0 0
541 60 0 0 20 0 0 20 0 0
542 20 0 0 10 0 0 0 0 0
546 50 1 1 20 0 0 10 0 0
548 18 0 0 0 0 0 18 0 0
549 54 0 0 36 0 0 18 0 0
550 18 0 0 18 0 0 0 0 0
551 54 0 0 18 0 0 18 0 0
552 54 0 0 36 0 0 18 0 0
554 48 1 1 16 0 0 0 0 0
561 16 1 1 0 0 0 16 0 0
562 16 0 0 0 0 0 16 0 0
563 16 0 0 16 0 0 0 0 0
564 32 0 0 32 0 0 0 0 0
fn=ctr_clex_tok
252 4995 15 2 0 0 0 1665 0 0
255 1665 0 0 0 0 0 1665 21 1
256 3330 0 0 1665 7 0 1665 0 0
257 3330 0 0 1665 6 0 1665 0 0
258 3330 0 0 1665 3 0 1665 0 0
259 1665 2 1 0 0 0 1665 0 0
260 1665 0 0 0 0 0 1665 0 0
261 1665 0 0 0 0 0 1665 0 0
265 18315 2 1 3330 13 2 0 0 0
267 6 0 0 0 0 0 6 0 0
268 6 0 0 0 0 0 0 0 0
271 330 0 0 66 0 0 66 0 0
272 66 0 0 0 0 0 66 0 0
273 66 0 0 0 0 0 66 0 0
274 66 0 0 0 0 0 0 0 0
276 84 1 1 36 0 0 12 0 0
277 36 0 0 12 0 0 12 0 0
278 12 0 0 0 0 0 12 0 0
279 12 0 0 0 0 0 0 0 0
281 24 0 0 12 0 0 12 0 0
282 12 0 0 0 0 0 12 0 0
283 12 0 0 0 0 0 0 0 0
286 4995 3 1 1665 0 0 0 0 0
287 288 0 0 96 0 0 96 0 0
288 192 0 0 96 0 0 0 0 0
292 4707 0 0 1569 0 0 0 0 0
296 6388 20 1 3160 6 0 17 0 0
301 4707 20 1 3138 0 0 1569 0 0
302 44521 31 2 16368 34 4 2554 0 0
303 2120 0 0 1060 0 0 0 0 0
304 40 0 0 0 0 0 40 0 0
305 40 0 0 0 0 0 40 0 0
306 120 0 0 40 0 0 40 0 0
308 2120 25 1 1060 0 0 0 0 0
309 10 0 0 0 0 0 10 0 0
310 50 0 0 20 0 0 0 0 0
312 2120 0 0 1060 0 0 0 0 0
313 3180 0 0 1060 0 0 1060 0 0
314 3180 0 0 2120 3 0 1060 0 0
316 6426 0 0 3138 0 0 0 0 0
317 3608 3 1 1618 0 0 124 0 0
318 3630 0 0 1548 0 0 178 0 0
319 2709 8 1 1257 0 0 65 0 0
320 2574 0 0 1191 0 0 64 0 0
321 2421 2 1 1122 0 0 59 0 0
322 2153 0 0 1033 0 0 29 0 0
323 2630 2 1 1111 0 0 136 0 0
324 2018 0 0 907 0 0 68 0 0
325 4100 20 2 1926 0 0 16 0 0
326 48 1 1 16 0 0 16 0 0
327 32 0 0 0 0 0 0 0 0
329 1850 25 1 823 0 0 68 0 0
330 1974 1 0 807 0 0 120 0 0
332 2835 1 1 1134 0 0 0 0 0
333 1134 0 0 567 0 0 0 0 0
339 1304 2 1 601 0 0 34 0 0
340 6396 29 2 2132 0 0 533 0 0
341 936 25 1 416 0 0 208 0 0
342 104 0 0 104 0 0 0 0 0
343 312 0 0 104 0 0 104 0 0
344 312 2 1 208 0 0 104 0 0
345 1144 2 1 312 0 0 104 0 0
351 208 0 0 104 0 0 0 0 0
354 208 2 1 104 0 0 0 0 0
360 1040 25 1 312 0 0 104 0 0
366 208 0 0 0 0 0 0 0 0
368 3003 25 1 429 0 0 429 0 0
374 3003 7 2 429 0 0 429 0 0
380 3003 12 1 429 0 0 429 0 0
381 24 0 0 6 0 0 3 0 0
382 9 0 0 3 0 0 3 0 0
383 6 0 0 0 0 0 0 0 0
388 2982 13 1 426 0 0 426 0 0
397 3834 2 1 1278 0 0 0 0 0
404 3144 0 0 0 0 0 0 0 0
405 15014 50 2 5935 0 0 1572 0 0
406 2438 0 0 1219 0 0 0 0 0
407 2438 0 0 1219 0 0 0 0 0
408 2438 0 0 1219 0 0 0 0 0
409 2438 0 0 1219 0 0 0 0 0
410 2438 25 1 1219 0 0 0 0 0
411 2438 0 0 1219 0 0 0 0 0
412 2438 0 0 1219 0 0 0 0 0
413 2424 0 0 1212 0 0 0 0 0
414 2424 0 0 1212 0 0 0 0 0
415 2424 0 0 0 0 0 0 0 0
417 3636 0 0 2424 0 0 0 0 0
418 2424 0 0 1212 0 0 0 0 0
420 2424 4 1 1212 0 0 0 0 0
421 2292 0 0 1146 0 0 0 0 0
423 4584 0 0 2292 0 0 0 0 0
425 10314 25 1 4584 0 0 2292 3 0
426 1146 0 0 1146 0 0 0 0 0
427 3438 0 0 2292 5 0 0 0 0
430 3438 0 0 1146 0 0 1146 0 0
431 3438 0 0 2292 1 0 1146 0 0
433 426 0 0 0 0 0 0 0 0
434 3330 4 1 3330 0 0 0 0 0
fn=ctr_clex_tok_value
102 526 2 1 0 0 0 263 0 0
103 263 0 0 263 1 0 0 0 0
104 526 0 0 526 0 0 0 0 0
fn=ctr_clex_tok_value_length
177 558 0 0 0 0 0 279 0 0
178 279 0 0 279 1 0 0 0 0
179 558 0 0 558 0 0 0 0 0
fl=/home/ali/Documents/ProjectCitron/citron/memory.c
fn=ctr_heap_allocate
49 47912 2 2 0 0 0 23956 2 1
53 11978 0 0 0 0 0 11978 0 0
54 35934 0 0 23956 0 0 0 0 0
57 47912 0 0 23956 8 0 11978 0 0
59 47912 0 0 23956 9 0 0 0 0
65 59890 1 1 11978 0 0 23956 3 0
67 23956 0 0 11978 0 0 0 0 0
73 23956 1 1 11978 0 0 11978 0 0
74 35934 0 0 23956 0 0 11978 0 0
76 35934 0 0 23956 0 0 0 0 0
78 11978 0 0 11978 0 0 0 0 0
79 23956 1 1 23956 1 0 0 0 0
fn=ctr_heap_allocate_tracked
123 9668 7 1 0 0 0 4834 0 0
125 9668 0 0 2417 0 0 4834 0 0
126 9668 0 0 4834 11 0 0 0 0
127 729 0 0 243 0 0 0 0 0
128 3 1 1 0 0 0 2 0 0
129 2 0 0 0 0 0 1 0 0
131 726 7 0 242 0 0 242 0 0
132 1936 0 0 484 0 0 484 8 0
135 14502 2 1 7251 3 0 2417 371 365
136 14502 2 1 7251 0 0 2417 0 0
137 7251 0 0 2417 0 0 2417 0 0
138 2417 0 0 2417 0 0 0 0 0
139 4834 0 0 4834 5 0 0 0 0
fn=ctr_heap_free
183 237795020 2 1 0 0 0 118897510 0 0
186 59448755 0 0 0 0 0 59448755 0 0
190 237795020 0 0 118897510 0 0 0 0 0
191 118897510 0 0 59448755 0 0 59448755 0 0
192 178346265 0 0 118897510 21 0 59448755 0 0
194 178346265 2 1 59448755 0 0 59448755 0 0
195 178346262 0 0 118897508 0 0 59448754 0 0
196 178346262 0 0 118897508 0 0 0 0 0
fn=ctr_heap_get_latest_tracking_id
157 32 1 1 0 0 0 16 0 0
158 32 0 0 16 0 0 0 0 0
159 32 0 0 32 0 0 0 0 0
fn=ctr_heap_reallocate
219 1870 11 2 0 0 0 1122 0 0
226 374 0 0 0 0 0 374 0 0
227 1122 0 0 748 0 0 0 0 0
229 1496 0 0 748 0 0 0 0 0
231 748 0 0 374 0 0 374 0 0
232 1122 0 0 748 6 0 374 0 0
235 2244 3 1 1122 0 0 374 0 0
237 2244 0 0 748 0 0 748 8 0
240 748 0 0 374 0 0 374 0 0
241 1122 0 0 748 0 0 374 5 0
243 1122 0 0 748 0 0 0 0 0
245 374 3 1 374 0 0 0 0 0
246 748 0 0 748 1 0 0 0 0
fn=ctr_heap_reallocate_tracked
145 50 0 0 0 0 0 30 0 0
147 60 1 1 30 0 0 10 0 0
148 60 0 0 20 0 0 20 0 0
149 60 0 0 30 0 0 10 0 0
150 60 0 0 30 0 0 10 0 0
151 10 0 0 10 0 0 0 0 0
152 20 0 0 20 0 0 0 0 0
fl=/home/ali/Documents/ProjectCitron/citron/parser.c
fn=ctr_cparse_assignment
526 32 0 0 0 0 0 16 0 0
530 16 0 0 0 0 0 8 0 0
531 24 1 1 0 0 0 16 0 0
532 24 0 0 0 0 0 16 0 0
533 24 0 0 0 0 0 16 0 0
534 16 0 0 8 0 0 8 0 0
535 24 0 0 16 0 0 8 0 0
536 24 0 0 16 0 0 8 0 0
537 40 0 0 8 0 0 16 0 0
538 24 0 0 16 0 0 8 0 0
539 8 0 0 8 0 0 0 0 0
540 16 0 0 16 0 0 0 0 0
fn=ctr_cparse_block
272 116 2 1 0 0 0 58 0 0
282 58 2 1 0 0 0 29 0 0
283 87 0 0 0 0 0 58 1 0
284 58 0 0 29 0 0 29 1 0
285 87 0 0 0 0 0 58 0 0
286 87 0 0 58 0 0 29 0 0
287 87 0 0 0 0 0 58 0 0
288 116 2 1 87 0 0 29 0 0
289 87 0 0 0 0 0 58 1 0
290 87 0 0 0 0 0 58 0 0
291 87 0 0 58 0 0 29 0 0
292 87 0 0 58 0 0 29 0 0
293 58 2 1 29 0 0 29 0 0
294 58 0 0 29 0 0 29 0 0
295 87 0 0 0 0 0 58 0 0
296 29 0 0 0 0 0 29 0 0
297 135 27 2 53 0 0 0 0 0
299 72 0 0 0 0 0 48 0 0
300 72 6 1 0 0 0 48 0 0
301 72 0 0 0 0 0 48 0 0
302 72 0 0 0 0 0 48 0 0
303 144 0 0 48 0 0 48 0 0
304 240 24 1 72 0 0 48 0 0
305 72 0 0 48 0 0 24 0 0
306 72 0 0 48 0 0 24 0 0
307 48 0 0 24 0 0 0 0 0
308 72 0 0 48 0 0 24 0 0
309 48 0 0 24 0 0 24 0 0
310 48 0 0 0 0 0 24 0 0
315 72 0 0 0 0 0 48 0 0
317 29 0 0 0 0 0 29 0 0
318 231 11 1 101 0 0 0 0 0
321 130 0 0 65 0 0 0 0 0
322 58 0 0 0 0 0 29 0 0
324 195 0 0 0 0 0 130 0 0
325 159 0 0 65 0 0 0 0 0
326 72 0 0 0 0 0 36 0 0
327 108 5 1 0 0 0 72 0 0
328 108 0 0 0 0 0 72 0 0
329 72 0 0 36 0 0 0 0 0
330 96 0 0 0 0 0 48 2 0
332 36 0 0 0 0 0 24 0 0
334 108 14 1 72 2 0 36 2 0
335 72 0 0 36 0 0 0 0 0
336 87 0 0 58 0 0 29 1 0
337 58 0 0 29 0 0 29 0 0
338 58 0 0 0 0 0 29 0 0
340 21 0 0 14 0 0 7 1 0
341 14 0 0 7 0 0 7 0 0
343 108 0 0 0 0 0 72 0 0
344 72 0 0 36 0 0 0 0 0
348 29 0 0 29 0 0 0 0 0
349 116 0 0 87 3 0 0 0 0
fn=ctr_cparse_create_node
37 2900 2 1 0 0 0 1450 0 0
38 2175 0 0 0 0 0 1450 0 0
39 2175 0 0 725 6 0 0 0 0
40 2175 2 1 0 0 0 1450 1 0
41 2900 0 0 1450 3 0 725 0 0
42 2175 0 0 1450 0 0 725 0 0
43 2175 0 0 725 11 0 0 0 0
44 2172 0 0 1448 0 0 724 0 0
45 2172 6 0 724 0 0 724 0 0
47 2 1 1 1 0 0 1 0 0
50 725 0 0 725 0 0 0 0 0
51 1450 0 0 1450 0 0 0 0 0
fn=ctr_cparse_expr
547 1056 10 1 0 0 0 528 0 0
553 792 0 0 0 0 0 528 6 0
554 792 10 1 0 0 0 528 0 0
555 528 0 0 0 0 0 264 0 0
558 528 0 0 264 0 0 0 0 0
562 528 0 0 264 0 0 0 0 0
563 32 0 0 16 0 0 0 0 0
567 40 1 1 8 0 0 16 0 0
568 512 1 0 256 0 0 0 0 0
569 396 3 1 198 0 0 0 0 0
570 296 0 0 148 0 0 0 0 0
571 232 0 0 116 0 0 0 0 0
573 252 0 0 0 0 0 168 0 0
574 168 0 0 84 0 0 84 0 0
575 756 9 1 252 0 0 168 3 0
576 168 0 0 84 0 0 0 0 0
577 20 0 0 0 0 0 10 0 0
578 20 0 0 0 0 0 10 0 0
579 20 0 0 10 0 0 0 0 0
581 222 0 0 0 0 0 148 0 0
582 222 0 0 148 0 0 74 0 0
583 222 0 0 148 0 0 74 0 0
584 296 0 0 148 0 0 74 1 0
586 344 1 1 172 0 0 0 0 0
588 82 0 0 82 0 0 0 0 0
589 528 0 0 528 5 0 0 0 0
fn=ctr_cparse_fin
613 150 0 0 0 0 0 50 0 0
615 100 0 0 0 0 0 50 0 0
616 150 0 0 0 0 0 100 1 0
617 100 0 0 50 0 0 50 0 0
618 50 0 0 50 0 0 0 0 0
619 100 0 0 100 0 0 0 0 0
fn=ctr_cparse_message
62 480 0 0 0 0 0 288 0 0
74 288 0 0 0 0 0 192 0 0
75 288 11 1 0 0 0 192 0 0
76 192 0 0 96 0 0 0 0 0
79 288 0 0 0 0 0 192 0 0
80 192 0 0 96 0 0 96 0 0
81 288 0 0 0 0 0 192 0 0
82 288 2 1 0 0 0 192 1 0
83 576 0 0 288 0 0 96 0 0
84 576 0 0 192 0 0 192 0 0
85 384 6 1 96 0 0 96 0 0
86 212 0 0 106 0 0 0 0 0
87 20 0 0 0 0 0 10 0 0
88 20 0 0 10 0 0 0 0 0
90 172 0 0 86 0 0 0 0 0
91 122 0 0 61 0 0 61 1 0
92 183 2 1 122 0 0 61 0 0
93 183 0 0 122 0 0 61 0 0
94 183 0 0 0 0 0 122 1 0
95 305 0 0 61 0 0 122 0 0
96 183 0 0 122 0 0 61 0 0
97 122 6 0 61 0 0 0 0 0
99 125 1 1 0 0 0 75 0 0
100 50 0 0 25 0 0 0 0 0
101 44 0 0 22 0 0 0 0 0
105 88 15 1 44 0 0 22 0 0
106 22 0 0 22 0 0 0 0 0
107 44 0 0 22 0 0 0 0 0
110 44 0 0 22 0 0 22 0 0
111 66 15 1 0 0 0 44 0 0
112 22 0 0 0 0 0 22 0 0
114 66 0 0 0 0 0 44 0 0
115 110 0 0 22 1 0 44 1 0
116 44 0 0 22 0 0 0 0 0
117 66 0 0 44 0 0 22 1 0
118 66 15 1 44 0 0 22 0 0
119 44 0 0 0 0 0 22 0 0
124 66 0 0 0 0 0 44 0 0
125 54 1 1 22 0 0 0 0 0
126 34 15 1 17 0 0 0 0 0
127 38 0 0 17 0 0 0 0 0
128 45 5 0 15 0 0 0 0 0
144 44 0 0 0 0 0 22 0 0
145 66 0 0 44 0 0 22 1 0
146 88 0 0 44 0 0 22 0 0
148 6 0 0 3 0 0 3 0 0
149 9 0 0 6 0 0 3 0 0
150 9 0 0 6 0 0 3 0 0
152 25 0 0 25 0 0 0 0 0
153 384 0 0 288 1 0 0 0 0
fn=ctr_cparse_messages
161 420 3 1 0 0 0 252 0 0
162 252 0 0 0 0 0 168 0 0
166 84 3 1 0 0 0 84 0 0
169 600 11 1 258 0 0 0 0 0
170 192 0 0 96 0 0 0 0 0
171 6 0 0 0 0 0 4 0 0
172 4 0 0 2 0 0 0 0 0
176 288 0 0 0 0 0 192 0 0
177 192 6 1 0 0 0 96 0 0
178 384 0 0 96 0 0 192 2 0
179 384 0 0 192 0 0 0 0 0
180 20 0 0 10 0 0 0 0 0
181 20 0 0 0 0 0 0 0 0
186 258 4 1 172 0 0 86 1 0
187 172 0 0 86 0 0 0 0 0
188 74 0 0 0 0 0 74 0 0
189 148 0 0 74 0 0 74 0 0
190 222 0 0 74 0 0 74 0 0
192 36 0 0 24 0 0 12 0 0
193 24 0 0 12 0 0 12 0 0
195 258 0 0 0 0 0 172 0 0
197 148 0 0 0 0 0 74 0 0
198 74 0 0 74 0 0 0 0 0
199 168 0 0 168 0 0 0 0 0
fn=ctr_cparse_nil
476 3 1 1 0 0 0 1 0 0
478 2 0 0 0 0 0 1 0 0
479 3 0 0 0 0 0 2 0 0
480 2 0 0 1 0 0 1 0 0
481 3 0 0 1 0 0 1 0 0
482 2 0 0 1 0 0 1 0 0
483 1 0 0 1 0 0 0 0 0
484 2 0 0 2 0 0 0 0 0
fn=ctr_cparse_number
424 153 16 1 0 0 0 51 0 0
428 102 0 0 0 0 0 51 0 0
429 153 7 1 0 0 0 102 0 0
430 102 0 0 51 0 0 51 0 0
431 153 0 0 0 0 0 102 0 0
432 153 0 0 0 0 0 102 0 0
433 306 4 1 102 0 0 102 0 0
434 357 0 0 204 0 0 51 0 0
435 153 0 0 102 0 0 51 0 0
436 51 0 0 51 0 0 0 0 0
437 102 0 0 102 0 0 0 0 0
fn=ctr_cparse_parse
678 125 3 1 0 0 0 75 0 0
680 75 0 0 25 0 0 25 0 0
681 50 0 0 25 0 0 25 0 0
682 75 0 0 0 0 0 50 3 0
683 75 20 1 50 0 0 25 2 0
684 150 0 0 50 0 0 50 0 0
685 50 0 0 25 0 0 25 0 0
686 25 0 0 25 0 0 0 0 0
687 50 0 0 50 5 0 0 0 0
fn=ctr_cparse_popen
250 150 14 0 0 0 0 50 0 0
254 100 15 1 0 0 0 50 0 0
255 150 0 0 0 0 0 100 0 0
256 100 0 0 50 0 0 50 0 0
257 150 0 0 0 0 0 100 0 0
258 150 0 0 100 0 0 50 0 0
259 250 0 0 50 2 0 100 2 0
260 150 0 0 0 0 0 100 0 0
261 100 0 0 50 0 0 0 0 0
264 50 0 0 50 0 0 0 0 0
265 100 0 0 100 0 0 0 0 0
fn=ctr_cparse_program
652 75 2 1 0 0 0 25 0 0
653 75 2 1 0 0 0 50 0 0
655 25 0 0 0 0 0 25 0 0
656 25 0 0 0 0 0 0 0 0
657 150 0 0 0 0 0 100 7 0
658 100 0 0 50 0 0 0 0 0
659 25 0 0 0 0 0 25 0 0
660 100 0 0 50 0 0 25 6 0
662 75 0 0 50 0 0 25 2 0
664 450 7 1 250 1 0 0 0 0
665 125 0 0 25 0 0 50 0 0
666 25 0 0 0 0 0 0 0 0
668 50 0 0 25 0 0 25 0 0
670 25 0 0 25 0 0 0 0 0
671 50 0 0 50 0 0 0 0 0
fn=ctr_cparse_receiver
491 792 2 1 0 0 0 264 0 0
493 792 0 0 0 0 0 528 0 0
494 528 0 0 0 0 0 264 0 0
495 2640 2 1 792 27 2 0 0 0
497 3 0 0 0 0 0 1 0 0
503 153 0 0 0 0 0 51 0 0
505 48 0 0 0 0 0 16 0 0
507 255 0 0 0 0 0 85 0 0
509 87 6 1 0 0 0 29 0 0
511 150 0 0 0 0 0 50 0 0
513 96 7 0 0 0 0 32 0 0
519 528 1 1 528 4 0 0 0 0
fn=ctr_cparse_ref
356 255 5 1 0 0 0 85 0 0
359 170 0 0 0 0 0 85 0 0
360 255 0 0 0 0 0 170 0 0
361 170 0 0 85 0 0 85 0 0
362 425 2 1 85 0 0 170 0 0
363 255 0 0 0 0 0 170 0 0
364 710 1 1 273 4 0 85 0 0
365 18 0 0 0 0 0 12 0 0
366 12 0 0 6 0 0 0 0 0
369 18 0 0 0 0 0 12 0 0
370 12 0 0 6 0 0 6 0 0
371 30 0 0 6 0 0 12 0 0
373 685 26 2 258 1 0 85 0 0
374 3 0 0 0 0 0 2 0 0
375 2 0 0 1 0 0 0 0 0
378 3 0 0 0 0 0 2 0 0
379 2 1 1 1 0 0 1 0 0
380 5 0 0 1 0 0 2 0 0
382 680 24 0 255 10 0 85 0 0
391 595 7 1 255 0 0 170 0 0
392 680 7 1 425 0 0 85 0 0
393 85 0 0 85 0 0 0 0 0
394 170 0 0 170 1 0 0 0 0
fn=ctr_cparse_ret
596 144 3 0 0 0 0 48 0 0
599 96 0 0 0 0 0 48 0 0
600 144 1 1 0 0 0 96 0 0
601 96 0 0 48 0 0 48 0 0
602 144 0 0 0 0 0 96 0 0
603 144 0 0 96 0 0 48 1 0
604 240 0 0 48 2 0 96 3 0
605 48 0 0 48 0 0 0 0 0
606 96 0 0 96 2 0 0 0 0
fn=ctr_cparse_statement
626 150 7 1 0 0 0 50 0 0
627 150 6 1 0 0 0 100 0 0
628 150 0 0 0 0 0 100 0 0
629 100 0 0 0 0 0 50 0 0
630 100 0 0 50 0 0 0 0 0
631 125 0 0 25 0 0 50 1 0
632 50 0 0 25 0 0 0 0 0
633 50 2 1 25 0 0 0 0 0
634 144 0 0 24 0 0 48 4 0
636 5 0 0 1 0 0 2 1 0
638 75 0 0 0 0 0 50 0 0
639 50 0 0 25 0 0 0 0 0
643 25 0 0 25 0 0 0 0 0
644 100 0 0 100 0 0 0 0 0
fn=ctr_cparse_string
401 48 0 0 0 0 0 16 0 0
405 32 0 0 0 0 0 16 0 0
406 48 0 0 0 0 0 32 0 0
407 32 1 1 16 0 0 16 0 0
408 48 0 0 0 0 0 32 0 0
409 48 0 0 0 0 0 32 0 0
410 96 0 0 32 0 0 32 0 0
411 112 0 0 64 0 0 16 0 0
412 48 0 0 32 0 0 16 0 0
413 32 0 0 0 0 0 16 0 0
414 16 0 0 16 0 0 0 0 0
415 32 0 0 32 0 0 0 0 0
fn=ctr_cparse_tuple
207 96 25 1 0 0 0 32 0 0
213 64 0 0 0 0 0 32 0 0
214 96 0 0 0 0 0 64 0 0
215 64 0 0 32 0 0 32 0 0
216 96 0 0 0 0 0 64 0 0
217 96 11 1 64 0 0 32 0 0
218 96 0 0 0 0 0 64 0 0
219 96 0 0 64 0 0 32 0 0
220 64 0 0 32 0 0 32 0 0
222 96 0 0 0 0 0 64 0 0
223 64 0 0 0 0 0 32 0 0
224 64 0 0 32 0 0 0 0 0
229 96 2 1 0 0 0 64 0 0
230 96 0 0 64 0 0 32 0 0
231 160 0 0 32 0 0 64 0 0
232 64 18 1 32 0 0 32 0 0
234 342 1 1 62 0 0 124 0 0
236 90 0 0 0 0 0 60 0 0
237 150 0 0 30 2 0 60 2 0
238 90 0 0 60 0 0 30 2 0
239 60 0 0 30 0 0 30 0 0
241 64 0 0 32 0 0 0 0 0
242 32 0 0 32 0 0 0 0 0
243 64 0 0 64 0 0 0 0 0
fl=/home/ali/Documents/ProjectCitron/citron/reflect.c
fn=ctr_reflect_check_bind_valid
411 114 12 2 0 0 0 76 0 0
412 57 0 0 0 0 0 38 0 0
413 57 0 0 38 0 0 19 0 0
414 114 5 0 38 0 0 38 4 0
415 57 8 1 38 0 0 19 4 0
416 114 5 0 38 0 0 38 4 0
417 247 7 1 76 5 0 19 0 0
437 57 6 1 19 4 0 19 0 0
438 19 0 0 0 0 0 0 0 0
439 76 6 1 57 0 0 0 0 0
fn=ctr_reflect_describe_type
315 580 2 1 0 0 0 348 0 0
316 348 0 0 232 0 0 116 0 0
317 348 0 0 232 57 0 116 0 0
318 232 0 0 116 0 0 116 0 0
319 348 16 1 0 0 0 232 0 0
321 1624 0 0 348 20 2 0 0 0
329 280 12 1 70 0 0 140 0 0
330 210 0 0 140 0 0 70 0 0
331 420 0 0 140 0 0 140 0 0
333 70 0 0 0 0 0 0 0 0
336 84 7 1 0 0 0 42 11 1
340 42 0 0 28 7 0 14 7 0
341 84 0 0 28 0 0 28 0 0
342 14 0 0 0 0 0 0 0 0
345 160 6 1 32 0 0 64 0 0
346 32 0 0 0 0 0 32 0 0
347 224 0 0 64 0 0 64 0 0
348 96 10 1 0 0 0 64 0 0
349 368 12 2 244 0 0 0 0 0
350 420 0 0 120 0 0 120 0 0
351 480 0 0 180 0 0 120 0 0
352 480 0 0 180 0 0 120 0 0
353 300 0 0 120 0 0 60 0 0
355 160 0 0 96 0 0 32 0 0
356 32 0 0 0 0 0 0 0 0
363 348 1 0 116 4 0 116 0 0
364 116 0 0 116 0 0 0 0 0
365 232 0 0 232 0 0 0 0 0
fn=ctr_reflect_describe_value
366 50 0 0 0 0 0 30 0 0
367 30 5 1 20 0 0 10 0 0
368 30 0 0 20 3 0 10 0 0
369 20 0 0 10 0 0 10 0 0
370 30 0 0 0 0 0 20 0 0
372 60 0 0 20 1 0 0 0 0
375 60 5 1 0 0 0 30 3 0
379 30 0 0 20 3 0 10 3 0
380 60 0 0 20 0 0 20 0 0
381 10 2 1 0 0 0 0 0 0
386 30 0 0 10 0 0 10 0 0
387 10 0 0 10 0 0 0 0 0
388 20 0 0 20 0 0 0 0 0
fn=ctr_reflect_get_primitive_link
306 320 12 1 0 0 0 160 0 0
307 160 0 0 80 0 0 80 0 0
308 394 0 0 157 0 0 0 0 0
309 865 0 0 157 0 0 157 0 0
310 231 0 0 154 1 0 77 0 0
312 80 0 0 80 0 0 0 0 0
313 160 0 0 160 0 0 0 0 0
fn=ctr_reflect_new
6 5 1 1 0 0 0 3 0 0
7 3 1 1 0 0 0 2 0 0
8 3 0 0 2 0 0 1 0 0
9 1 0 0 1 0 0 0 0 0
10 2 0 0 2 0 0 0 0 0
fn=ctr_reflect_type_descriptor_print
252 350 10 1 0 0 0 210 0 0
253 210 0 0 0 0 0 140 0 0
254 280 0 0 140 0 0 0 0 0
255 700 4 1 280 0 0 140 0 0
257 980 2 1 210 29 1 0 0 0
259 9 0 0 0 0 0 6 0 0
260 3 0 0 0 0 0 0 0 0
265 33 0 0 0 0 0 22 0 0
266 11 0 0 0 0 0 0 0 0
268 168 2 1 0 0 0 112 0 0
269 56 0 0 0 0 0 0 0 0
303 70 12 1 70 0 0 0 0 0
304 140 0 0 140 0 0 0 0 0
fl=/home/ali/Documents/ProjectCitron/citron/siphash.c
fn=siphash24
77 9027 5 1 1003 0 0 5015 0 0
78 2006 0 0 1003 0 0 1003 0 0
79 3009 0 0 2006 0 0 1003 0 0
80 4012 0 0 2006 0 0 1003 0 0
81 3009 3 1 1003 0 0 1003 0 0
82 2006 0 0 1003 0 0 1003 0 0
84 3009 0 0 1003 0 0 1003 0 0
85 3009 0 0 1003 0 0 1003 0 0
86 3009 3 1 1003 0 0 1003 0 0
87 3009 0 0 1003 0 0 1003 0 0
89 3593 1 1 1295 0 0 0 0 0
90 876 0 0 584 0 0 292 0 0
91 584 0 0 584 0 0 0 0 0
92 584 0 0 584 0 0 0 0 0
93 15184 15 3 10512 0 0 2336 0 0
94 584 0 0 584 0 0 0 0 0
97 5015 0 0 1003 0 0 3009 0 0
98 10030 25 1 3009 10 1 0 0 0
99 745 0 0 447 0 0 149 0 0
100 1000 0 0 600 0 0 200 0 0
101 1305 0 0 783 0 0 261 0 0
102 1850 0 0 1110 1 0 370 0 0
103 415 1 1 249 0 0 83 0 0
104 1335 49 1 801 0 0 267 0 0
105 2220 0 0 1665 0 0 555 0 0
107 2006 0 0 2006 0 0 0 0 0
109 2006 0 0 2006 0 0 0 0 0
110 52156 30 3 36108 0 0 8024 0 0
111 3009 2 1 3009 0 0 0 0 0
112 52156 7 3 36108 0 0 8024 0 0
113 52156 3 3 36108 0 0 8024 0 0
114 6018 0 0 4012 0 0 0 0 0
115 5015 0 0 4012 0 0 0 0 0
fl=/home/ali/Documents/ProjectCitron/citron/system.c
fn=ctr_clock_init
1761 5 1 1 0 0 0 3 0 0
1762 15 1 1 1 0 0 4 0 0
1763 11 1 1 1 0 0 3 0 0
1764 5 0 0 3 0 0 0 0 0
fn=ctr_console_brk
1943 10 0 0 0 0 0 6 0 0
1944 12 2 1 2 0 0 2 0 0
1945 2 0 0 2 0 0 0 0 0
1946 4 0 0 4 0 0 0 0 0
fn=ctr_console_write
1931 10 4 2 0 0 0 6 0 0
1932 6 0 0 4 0 0 2 0 0
1933 8 0 0 2 0 0 4 0 0
1934 20 2 1 14 2 0 2 0 0
1935 2 0 0 2 0 0 0 0 0
1936 4 0 0 4 0 0 0 0 0
fn=ctr_gc_sweep
309 4 1 1 0 0 0 2 0 0
310 1 0 0 0 0 0 1 0 0
311 2 0 0 1 0 0 1 0 0
312 1 1 1 0 0 0 1 0 0
313 1 0 0 0 0 0 1 0 0
314 1 0 0 0 0 0 1 0 0
315 23779179 1 1 11889589 0 0 0 0 0
316 35668767 0 0 11889589 0 0 11889589 0 0
317 130785478 1 1 47558356 3 0 0 0 0
319 95116712 0 0 23779178 0 0 11889589 0 0
320 35668767 0 0 11889589 0 0 11889589 0 0
322 23779178 1 1 11889589 0 0 0 0 0
331 47558356 1 1 23779178 1 0 0 0 0
332 35668767 0 0 23779178 0 0 11889589 0 0
333 47558356 0 0 23779178 0 0 11889589 0 0
339 59447945 1 1 35668767 6 0 0 0 0
347 59447945 1 1 35668767 2 0 0 0 0
355 59447945 1 1 35668767 0 0 11889589 0 0
356 59447940 0 0 35668764 0 0 11889588 0 0
357 118895880 1 1 23779176 0 0 0 0 0
359 47558352 0 0 23779176 0 0 0 0 0
360 59447940 0 0 35668764 0 0 0 0 0
361 71337450 1 1 47558300 0 0 11889575 0 0
363 59447940 0 0 35668764 0 0 11889588 0 0
365 35668764 1 1 0 0 0 0 0 0
374 47558352 0 0 23779176 0 0 11889588 0 0
375 23779176 1 1 11889588 0 0 11889588 0 0
fn=ctr_int_handler
851 4 1 1 0 0 0 2 1 0
852 3 0 0 1 0 0 0 0 0
855 2 1 1 0 0 0 1 0 0
fl=/home/ali/Documents/ProjectCitron/citron/utf8.c
fn=ctr_getutf8len
30 480 5 2 0 0 0 288 0 0
32 96 0 0 0 0 0 96 0 0
33 96 0 0 0 0 0 96 0 0
34 1288 11 1 798 0 0 96 0 0
35 1818 0 0 606 0 0 404 0 0
36 1010 0 0 404 0 0 202 0 0
38 192 0 0 192 0 0 0 0 0
39 192 0 0 192 0 0 0 0 0
fn=ctr_utf8size
18 896 1 1 0 0 0 448 0 0
19 896 0 0 224 0 0 0 0 0
20 896 0 0 224 0 0 0 0 0
21 896 0 0 224 0 0 0 0 0
22 224 0 0 0 0 0 0 0 0
23 448 0 0 448 0 0 0 0 0
fn=getBytesUtf8
44 84 3 0 0 0 0 56 0 0
45 14 3 1 0 0 0 14 0 0
46 14 0 0 0 0 0 14 0 0
47 14 0 0 0 0 0 14 0 0
48 14 0 0 0 0 0 14 0 0
49 14 0 0 0 0 0 14 0 0
51 98 0 0 42 0 0 0 0 0
52 28 0 0 14 0 0 7 0 0
53 35 0 0 21 1 0 7 0 0
54 28 0 0 7 0 0 14 0 0
55 21 0 0 14 0 0 0 0 0
56 21 0 0 14 0 0 0 0 0
57 7 0 0 7 0 0 0 0 0
59 14 0 0 14 0 0 0 0 0
60 28 0 0 28 0 0 0 0 0
fl=/home/ali/Documents/ProjectCitron/citron/walker.c
fn=ctr_cwlk_assignment
151 56 1 1 8 0 0 24 0 0
152 8 0 0 0 0 0 8 0 0
153 24 2 1 16 6 0 8 0 0
154 24 0 0 16 8 0 8 0 0
155 24 0 0 16 2 0 8 0 0
156 24 0 0 16 1 0 8 0 0
159 24 0 0 8 0 0 0 0 0
160 72 2 1 16 0 0 16 0 0
162 48 0 0 8 0 0 16 0 0
163 32 0 0 16 8 0 0 0 0
164 90 1 0 30 3 0 18 0 0
165 8 3 2 4 0 0 0 0 0
166 15 0 0 5 0 0 3 0 0
167 4 1 1 2 0 0 0 0 0
170 14 0 0 5 0 0 3 0 0
172 24 2 1 8 0 0 0 0 0
173 24 0 0 8 0 0 8 0 0
175 8 0 0 8 0 0 0 0 0
176 40 0 0 32 0 0 0 0 0
fn=ctr_cwlk_expr
183 1905 9 1 0 0 0 1143 0 0
187 762 0 0 0 0 0 381 0 0
190 5334 1 1 1143 108 2 0 0 0
192 126 2 1 56 1 0 28 0 0
193 14 0 0 0 0 0 0 0 0
201 3 0 0 0 0 0 2 0 0
202 1 0 0 0 0 0 0 0 0
204 536 1 1 268 2 0 134 0 0
205 67 0 0 0 0 0 0 0 0
207 112 24 0 28 0 0 56 0 0
208 28 0 0 0 0 0 0 0 0
210 18 1 1 6 0 0 0 0 0
211 54 2 1 12 0 0 12 0 0
213 24 0 0 12 0 0 0 0 0
215 24 2 1 12 0 0 0 0 0
222 66 3 1 24 0 0 18 0 0
224 18 1 0 6 0 0 0 0 0
225 18 0 0 6 0 0 6 0 0
227 12 0 0 0 0 0 0 0 0
229 376 3 1 94 0 0 188 2 0
230 94 0 0 0 0 0 0 0 0
232 32 2 1 8 0 0 16 0 0
233 8 0 0 0 0 0 0 0 0
235 160 0 0 40 0 0 80 0 0
236 40 0 0 0 0 0 0 0 0
238 224 0 0 56 0 0 112 3 0
239 112 0 0 56 0 0 56 4 0
240 56 0 0 0 0 0 0 0 0
242 528 18 1 264 14 0 132 2 0
243 66 0 0 0 0 0 0 0 0
245 3 0 0 1 0 0 0 0 0
271 3 1 1 0 0 0 2 0 0
272 1 0 0 0 0 0 0 0 0
278 381 0 0 381 0 0 0 0 0
279 762 0 0 762 9 0 0 0 0
fn=ctr_cwlk_message
38 658 2 1 94 0 0 282 0 0
39 94 0 0 0 0 0 94 0 0
40 94 0 0 0 0 0 94 0 0
42 282 1 1 188 10 0 94 0 0
43 282 0 0 188 15 0 94 0 0
45 188 0 0 94 0 0 94 0 0
49 94 0 0 0 0 0 94 0 0
50 1316 12 1 282 29 1 0 0 0
52 819 0 0 364 6 0 182 0 0
53 364 1 1 182 0 0 91 0 0
54 273 0 0 91 0 0 0 0 0
55 819 2 1 182 0 0 182 16 1
57 364 0 0 182 0 0 0 0 0
60 364 0 0 91 0 0 182 0 0
62 273 0 0 91 0 0 0 0 0
63 273 5 1 91 0 0 91 0 0
65 182 0 0 91 0 0 0 0 0
68 91 23 0 0 0 0 0 0 0
79 18 2 1 8 1 0 4 0 0
80 2 0 0 0 0 0 0 0 0
89 4 2 2 1 0 0 2 0 0
90 1 0 0 0 0 0 0 0 0
95 894 1 1 400 8 0 0 0 0
99 318 0 0 212 0 0 106 0 0
100 318 10 1 212 30 0 106 0 0
101 318 0 0 212 29 0 106 0 0
102 318 0 0 212 0 0 106 0 0
103 318 0 0 106 1 0 0 0 0
104 954 1 1 212 0 0 212 1 0
106 318 0 0 212 6 0 106 0 0
107 318 0 0 0 0 0 212 0 0
108 212 0 0 106 0 0 106 0 0
109 318 12 1 212 0 0 106 0 0
110 212 0 0 106 0 0 0 0 0
112 309 0 0 206 31 0 103 0 0
114 618 0 0 103 0 0 206 0 0
115 309 0 0 206 0 0 103 0 0
118 515 12 1 103 0 0 206 0 0
119 309 0 0 206 0 0 103 0 0
120 309 0 0 206 0 0 103 0 0
121 515 11 0 206 0 0 0 0 0
126 636 1 1 212 15 0 106 0 0
127 424 0 0 212 0 0 106 0 0
128 742 1 1 424 0 0 212 3 0
129 1060 0 0 318 1 0 106 0 0
130 212 0 0 106 6 0 106 0 0
131 318 1 1 106 0 0 0 0 0
132 318 0 0 106 0 0 106 0 0
134 942 0 0 418 9 0 0 0 0
135 206 0 0 103 0 0 103 0 0
136 309 0 0 206 0 0 103 0 0
137 309 0 0 103 0 0 103 0 0
139 318 0 0 106 0 0 106 0 0
140 212 0 0 106 0 0 106 0 0
142 552 0 0 276 4 0 91 0 0
143 94 0 0 94 0 0 0 0 0
144 470 0 0 376 5 0 0 0 0
fn=ctr_cwlk_return
16 392 19 1 56 0 0 168 0 0
17 56 0 0 0 0 0 56 0 0
20 224 0 0 112 2 0 0 0 0
24 168 0 0 112 0 0 56 0 0
25 224 0 0 112 4 0 0 0 0
29 392 11 1 112 0 0 112 2 0
30 56 0 0 56 0 0 0 0 0
31 280 9 0 224 0 0 0 0 0
fn=ctr_cwlk_run
286 434 1 1 62 0 0 186 0 0
287 62 0 0 0 0 0 62 0 0
288 62 0 0 0 0 0 62 0 0
290 186 0 0 124 9 0 62 0 0
291 202 3 1 70 0 0 0 0 0
292 210 12 1 140 14 0 70 1 0
293 280 0 0 140 0 0 0 0 0
297 70 0 0 0 0 0 70 0 0
298 420 2 1 70 0 0 140 4 0
299 210 0 0 70 0 0 0 0 0
300 112 2 0 0 0 0 0 0 0
303 308 3 1 70 2 0 0 0 0
306 62 2 0 28 8 0 0 0 0
307 24 0 0 16 0 0 8 0 0
309 192 0 0 62 0 0 6 0 0
310 62 0 0 62 0 0 0 0 0
311 310 0 0 248 3 0 0 0 0
fl=/home/ali/Documents/ProjectCitron/citron/world.c
fn=ctr_assign_value
1309 5 0 0 0 0 0 3 0 0
1310 1 0 0 0 0 0 1 0 0
1311 3 0 0 1 0 0 0 0 0
1312 4 1 1 2 0 0 1 0 0
1313 14 1 1 3 1 1 0 0 0
1330 2 1 1 1 0 0 1 0 0
1331 1 0 0 0 0 0 0 0 0
1333 5 0 0 2 0 0 1 0 0
1334 1 1 1 1 0 0 0 0 0
1335 2 0 0 2 0 0 0 0 0
fn=ctr_assign_value_to_local
1392 350 27 1 0 0 0 210 0 0
1393 70 0 0 0 0 0 70 0 0
1395 210 8 1 70 0 0 0 0 0
1396 420 0 0 140 0 0 70 0 0
1397 280 0 0 140 0 0 70 0 0
1398 980 7 1 210 31 2 0 0 0
1415 140 19 0 70 0 0 70 0 0
1416 70 0 0 0 0 0 0 0 0
1418 420 0 0 210 0 0 70 0 0
1419 70 0 0 70 0 0 0 0 0
1420 140 0 0 140 0 0 0 0 0
fn=ctr_assign_value_to_local_by_ref
1430 25 4 2 0 0 0 15 0 0
1431 5 0 0 0 0 0 5 0 0
1433 15 0 0 5 0 0 0 0 0
1434 30 2 0 10 0 0 5 0 0
1435 20 0 0 10 0 0 5 0 0
1436 10 0 0 5 0 0 5 0 0
1437 30 0 0 15 0 0 5 0 0
1438 5 0 0 5 0 0 0 0 0
1439 10 0 0 10 0 0 0 0 0
fn=ctr_assign_value_to_my
1356 30 1 1 0 0 0 18 0 0
1357 6 0 0 0 0 0 6 0 0
1358 36 1 1 6 0 0 18 0 0
1359 18 0 0 6 0 0 0 0 0
1360 24 0 0 12 0 0 6 0 0
1361 84 1 1 18 0 0 0 0 0
1369 11 1 1 6 0 0 2 0 0
1370 1 0 0 0 0 0 0 0 0
1378 10 0 0 5 0 0 5 0 0
1379 5 0 0 0 0 0 0 0 0
1381 36 0 0 18 0 0 6 0 0
1382 6 0 0 6 0 0 0 0 0
1383 12 0 0 12 0 0 0 0 0
fn=ctr_close_context
558 74 0 0 0 0 0 37 0 0
559 296 6 1 111 1 0 37 0 0
560 111 0 0 37 0 0 0 0 0
561 148 0 0 37 0 0 37 0 0
562 74 0 0 74 0 0 0 0 0
fn=ctr_find
572 515 1 1 0 0 0 309 0 0
573 206 0 0 103 0 0 103 0 0
574 103 0 0 0 0 0 103 0 0
575 309 0 0 103 0 0 0 0 0
576 974 10 1 487 0 0 0 0 0
577 918 0 0 306 0 0 153 0 0
578 1071 0 0 306 0 0 306 0 0
579 153 0 0 153 0 0 0 0 0
581 206 10 1 103 0 0 0 0 0
585 206 0 0 103 0 0 0 0 0
602 103 4 1 103 0 0 0 0 0
603 412 0 0 309 0 0 0 0 0
fn=ctr_initialize_world
693 4 2 2 0 0 0 2 0 0
694 4 0 0 0 0 0 1 0 0
697 4 0 0 0 0 0 2 0 0
698 52 2 2 33 0 0 1 0 0
699 352 0 0 16 0 0 32 0 0
701 1 0 0 0 0 0 1 0 0
702 3 0 0 0 0 0 2 1 0
703 4 0 0 2 0 0 1 0 0
704 2 0 0 1 0 0 1 0 0
707 3 1 1 0 0 0 2 0 0
708 8 0 0 1 0 0 2 0 0
709 8 1 1 1 0 0 2 0 0
710 8 1 1 1 0 0 2 0 0
711 8 0 0 1 0 0 2 0 0
712 8 1 1 1 0 0 2 0 0
716 8 0 0 1 0 0 2 0 0
717 8 1 1 1 0 0 2 0 0
718 8 1 1 1 0 0 2 0 0
719 8 0 0 1 0 0 2 0 0
720 8 1 1 1 0 0 2 0 0
721 8 1 1 1 0 0 2 0 0
722 8 0 0 1 0 0 2 0 0
723 8 1 1 1 0 0 2 0 0
724 8 0 0 1 0 0 2 0 0
725 8 1 1 1 0 0 2 0 0
726 8 1 1 1 0 0 2 0 0
727 8 0 0 1 0 0 2 0 0
728 8 1 1 1 0 0 2 0 0
729 8 1 1 1 0 0 2 0 0
730 8 0 0 1 0 0 2 0 0
731 8 1 1 1 0 0 2 0 0
732 8 0 0 1 0 0 2 0 0
733 8 1 1 1 0 0 2 0 0
734 8 1 1 1 0 0 2 0 0
735 8 0 0 1 0 0 2 0 0
736 8 1 1 1 0 0 2 0 0
737 8 1 1 1 0 0 2 0 0
738 8 0 0 1 0 0 2 0 0
739 8 1 1 1 0 0 2 0 0
741 9 1 1 2 0 0 2 0 0
742 2 0 0 1 0 0 1 0 0
743 4 0 0 2 0 0 1 0 0
746 3 0 0 0 0 0 2 1 0
747 9 1 1 2 0 0 2 0 0
748 8 1 1 1 0 0 2 0 0
749 8 0 0 1 0 0 2 0 0
750 8 1 1 1 0 0 2 0 0
751 8 0 0 1 0 0 2 0 0
752 8 1 1 1 0 0 2 0 0
753 3 0 0 2 0 0 1 0 0
754 4 1 1 2 0 0 1 0 0
757 3 0 0 0 0 0 2 1 0
758 8 1 1 1 0 0 2 0 0
759 8 0 0 1 0 0 2 0 0
760 8 1 1 1 0 0 2 0 0
761 8 0 0 1 0 0 2 0 0
762 8 1 1 1 0 0 2 0 0
763 8 1 1 1 0 0 2 0 0
764 8 0 0 1 0 0 2 0 0
765 8 1 1 1 0 0 2 0 0
766 8 1 1 1 0 0 2 0 0
767 8 0 0 1 0 0 2 0 0
768 8 1 1 1 0 0 2 0 0
769 8 0 0 1 0 0 2 0 0
770 8 1 1 1 0 0 2 0 0
771 8 1 1 1 0 0 2 0 0
772 8 0 0 1 0 0 2 0 0
773 8 1 1 1 0 0 2 0 0
774 8 1 1 1 0 0 2 0 0
775 9 0 0 2 0 0 2 0 0
776 3 1 1 2 0 0 1 0 0
777 4 0 0 2 0 0 1 0 0
780 3 0 0 0 0 0 2 0 0
781 8 1 1 1 0 0 2 0 0
782 8 0 0 1 0 0 2 0 0
783 8 1 1 1 0 0 2 0 0
784 8 1 1 1 0 0 2 0 0
785 8 0 0 1 0 0 2 0 0
786 8 1 1 1 0 0 2 0 0
787 8 0 0 1 0 0 2 0 0
788 8 1 1 1 0 0 2 0 0
789 8 1 1 1 0 0 2 0 0
790 8 0 0 1 0 0 2 0 0
791 8 1 1 1 0 0 2 0 0
792 8 1 1 1 0 0 2 0 0
793 8 0 0 1 0 0 2 0 0
794 8 1 1 1 0 0 2 0 0
795 8 0 0 1 0 0 2 0 0
796 8 1 1 1 0 0 2 0 0
797 8 1 1 1 0 0 2 0 0
798 8 0 0 1 0 0 2 0 0
799 8 1 1 1 0 0 2 0 0
800 8 1 1 1 0 0 2 0 0
801 8 0 0 1 0 0 2 0 0
802 8 1 1 1 0 0 2 0 0
803 8 0 0 1 0 0 2 0 0
804 8 1 1 1 0 0 2 0 0
805 8 1 1 1 0 0 2 0 0
806 8 0 0 1 0 0 2 0 0
807 8 1 1 1 0 0 2 0 0
808 8 1 1 1 0 0 2 0 0
809 8 0 0 1 0 0 2 0 0
810 8 1 1 1 0 0 2 0 0
811 8 0 0 1 0 0 2 0 0
812 8 1 1 1 0 0 2 0 0
813 8 1 1 1 0 0 2 0 0
814 8 0 0 1 0 0 2 0 0
815 8 1 1 1 0 0 2 0 0
816 8 1 1 1 0 0 2 0 0
817 8 0 0 1 0 0 2 0 0
818 8 1 1 1 0 0 2 0 0
819 8 0 0 1 0 0 2 0 0
820 8 1 1 1 0 0 2 0 0
821 8 1 1 1 0 0 2 0 0
822 8 0 0 1 0 0 2 0 0
823 8 1 1 1 0 0 2 0 0
824 8 1 1 1 0 0 2 0 0
825 8 0 0 1 0 0 2 0 0
826 8 1 1 1 0 0 2 0 0
827 8 0 0 1 0 0 2 0 0
828 8 1 1 1 0 0 2 0 0
829 8 1 1 1 0 0 2 0 0
830 8 0 0 1 0 0 2 0 0
831 9 1 1 2 0 0 2 0 0
832 3 0 0 2 0 0 1 0 0
833 4 1 1 2 0 0 1 0 0
836 3 0 0 0 0 0 2 0 0
837 8 0 0 1 0 0 2 0 0
838 8 1 1 1 0 0 2 0 0
839 8 1 1 1 0 0 2 0 0
840 8 0 0 1 0 0 2 0 0
841 8 1 1 1 0 0 2 0 0
842 8 1 1 1 0 0 2 0 0
843 8 0 0 1 0 0 2 0 0
844 8 1 1 1 0 0 2 0 0
845 8 0 0 1 0 0 2 0 0
846 8 1 1 1 0 0 2 0 0
847 8 1 1 1 0 0 2 0 0
848 8 0 0 1 0 0 2 0 0
849 8 1 1 1 0 0 2 0 0
850 8 1 1 1 0 0 2 0 0
851 8 0 0 1 0 0 2 0 0
852 8 1 1 1 0 0 2 0 0
853 8 0 0 1 0 0 2 0 0
854 8 1 1 1 0 0 2 0 0
855 8 1 1 1 0 0 2 0 0
856 8 0 0 1 0 0 2 0 0
857 8 1 1 1 0 0 2 0 0
858 8 1 1 1 0 0 2 0 0
859 8 0 0 1 0 0 2 0 0
860 8 1 1 1 0 0 2 0 0
861 8 0 0 1 0 0 2 0 0
862 8 1 1 1 0 0 2 0 0
863 8 1 1 1 0 0 2 0 0
864 8 0 0 1 0 0 2 0 0
865 8 1 1 1 0 0 2 0 0
866 8 1 1 1 0 0 2 0 0
867 8 0 0 1 0 0 2 0 0
868 8 1 1 1 0 0 2 0 0
869 8 0 0 1 0 0 2 0 0
870 8 1 1 1 0 0 2 0 0
871 8 1 1 1 0 0 2 0 0
872 8 0 0 1 0 0 2 0 0
873 8 1 1 1 0 0 2 0 0
874 8 1 1 1 0 0 2 0 0
875 8 0 0 1 0 0 2 0 0
876 8 1 1 1 0 0 2 0 0
877 8 0 0 1 0 0 2 0 0
878 8 1 1 1 0 0 2 0 0
879 8 1 1 1 0 0 2 0 0
880 8 0 0 1 0 0 2 0 0
881 8 1 1 1 0 0 2 0 0
882 8 1 1 1 0 0 2 0 0
883 8 0 0 1 0 0 2 0 0
884 8 1 1 1 0 0 2 0 0
885 8 0 0 1 0 0 2 0 0
886 9 1 1 2 0 0 2 0 0
887 3 0 0 2 0 0 1 0 0
888 4 1 1 2 0 0 1 0 0
891 3 0 0 0 0 0 2 0 0
892 8 1 1 1 0 0 2 0 0
893 8 0 0 1 0 0 2 0 0
894 8 1 1 1 0 0 2 0 0
895 8 0 0 1 0 0 2 0 0
896 8 1 1 1 0 0 2 0 0
897 8 1 1 1 0 0 2 0 0
898 8 0 0 1 0 0 2 0 0
899 8 1 1 1 0 0 2 0 0
900 8 1 1 1 0 0 2 0 0
901 8 0 0 1 0 0 2 0 0
902 8 1 1 1 0 0 2 0 0
903 9 1 1 2 0 0 2 0 0
904 3 0 0 2 0 0 1 0 0
905 4 0 0 2 0 0 1 0 0
908 5 1 1 1 0 0 2 0 0
909 8 0 0 1 0 0 2 0 0
910 8 1 1 1 0 0 2 0 0
911 8 0 0 1 0 0 2 0 0
912 8 1 1 1 0 0 2 0 0
913 8 1 1 1 0 0 2 0 0
914 8 0 0 1 0 0 2 0 0
915 8 1 1 1 0 0 2 0 0
916 8 1 1 1 0 0 2 0 0
917 8 0 0 1 0 0 2 0 0
918 8 1 1 1 0 0 2 0 0
919 8 0 0 1 0 0 2 0 0
920 8 1 1 1 0 0 2 0 0
921 8 1 1 1 0 0 2 0 0
922 8 0 0 1 0 0 2 0 0
923 8 1 1 1 0 0 2 0 0
924 8 1 1 1 0 0 2 0 0
925 8 0 0 1 0 0 2 0 0
926 8 1 1 1 0 0 2 0 0
927 8 0 0 1 0 0 2 0 0
928 8 1 1 1 0 0 2 0 0
929 8 1 1 1 0 0 2 0 0
930 8 0 0 1 0 0 2 0 0
931 8 1 1 1 0 0 2 0 0
932 8 1 1 1 0 0 2 0 0
933 8 0 0 1 0 0 2 0 0
934 8 1 1 1 0 0 2 0 0
935 8 0 0 1 0 0 2 0 0
936 8 1 1 1 0 0 2 0 0
937 8 1 1 1 0 0 2 0 0
938 8 0 0 1 0 0 2 0 0
939 8 1 1 1 0 0 2 0 0
940 8 1 1 1 0 0 2 0 0
941 8 0 0 1 0 0 2 0 0
942 8 1 1 1 0 0 2 0 0
943 8 0 0 1 0 0 2 0 0
944 9 1 1 2 0 0 2 0 0
945 3 0 0 2 0 0 1 0 0
946 4 1 1 2 0 0 1 0 0
949 3 0 0 0 0 0 2 1 0
950 8 1 1 1 0 0 2 0 0
951 8 0 0 1 0 0 2 0 0
952 8 1 1 1 0 0 2 0 0
953 8 0 0 1 0 0 2 0 0
954 8 1 1 1 0 0 2 0 0
955 8 1 1 1 0 0 2 0 0
956 8 0 0 1 0 0 2 0 0
957 8 1 1 1 0 0 2 0 0
958 8 1 1 1 0 0 2 0 0
959 8 0 0 1 0 0 2 0 0
960 8 1 1 1 0 0 2 0 0
961 8 0 0 1 0 0 2 0 0
962 8 1 1 1 0 0 2 0 0
963 8 1 1 1 0 0 2 0 0
964 9 0 0 2 0 0 2 0 0
965 3 1 1 2 0 0 1 0 0
966 4 0 0 2 0 0 1 0 0
969 3 0 0 0 0 0 2 1 0
970 8 1 1 1 0 0 2 0 0
971 8 0 0 1 0 0 2 0 0
972 8 1 1 1 0 0 2 0 0
973 8 1 1 1 0 0 2 0 0
974 8 0 0 1 0 0 2 0 0
975 8 1 1 1 0 0 2 0 0
976 8 1 1 1 0 0 2 0 0
977 8 0 0 1 0 0 2 0 0
978 8 1 1 1 0 0 2 0 0
979 8 0 0 1 0 0 2 0 0
980 8 1 1 1 0 0 2 0 0
981 8 1 1 1 0 0 2 0 0
982 8 0 0 1 0 0 2 0 0
983 8 1 1 1 0 0 2 0 0
984 8 1 1 1 0 0 2 0 0
985 9 0 0 2 0 0 2 0 0
986 9 1 1 2 0 0 2 0 0
987 3 0 0 2 0 0 1 0 0
988 4 1 1 2 0 0 1 0 0
991 3 0 0 0 0 0 2 0 0
992 2 0 0 1 0 0 1 0 0
993 8 1 1 1 0 0 2 0 0
994 8 0 0 1 0 0 2 0 0
995 8 1 1 1 0 0 2 0 0
996 8 1 1 1 0 0 2 0 0
997 8 0 0 1 0 0 2 0 0
998 8 1 1 1 0 0 2 0 0
999 8 0 0 1 0 0 2 0 0
1000 8 1 1 1 0 0 2 0 0
1001 8 1 1 1 0 0 2 0 0
1002 8 0 0 1 0 0 2 0 0
1003 8 1 1 1 0 0 2 0 0
1004 8 1 1 1 0 0 2 0 0
1005 8 0 0 1 0 0 2 0 0
1006 8 1 1 1 0 0 2 0 0
1007 8 0 0 1 0 0 2 0 0
1008 8 1 1 1 0 0 2 0 0
1009 8 1 1 1 0 0 2 0 0
1010 8 0 0 1 0 0 2 0 0
1011 8 1 1 1 0 0 2 0 0
1012 8 1 1 1 0 0 2 0 0
1013 8 0 0 1 0 0 2 0 0
1014 8 1 1 1 0 0 2 0 0
1015 9 0 0 2 0 0 2 0 0
1016 3 1 1 2 0 0 1 0 0
1017 4 0 0 2 0 0 1 0 0
1020 3 0 0 0 0 0 2 1 0
1021 8 1 1 1 0 0 2 0 0
1022 8 1 1 1 0 0 2 0 0
1023 8 0 0 1 0 0 2 0 0
1024 8 1 1 1 0 0 2 0 0
1025 8 0 0 1 0 0 2 0 0
1026 8 1 1 1 0 0 2 0 0
1027 8 1 1 1 0 0 2 0 0
1028 8 0 0 1 0 0 2 0 0
1029 8 1 1 1 0 0 2 0 0
1030 8 1 1 1 0 0 2 0 0
1031 8 0 0 1 0 0 2 0 0
1032 8 1 1 1 0 0 2 0 0
1033 8 0 0 1 0 0 2 0 0
1034 8 1 1 1 0 0 2 0 0
1035 8 1 1 1 0 0 2 0 0
1036 8 0 0 1 0 0 2 0 0
1037 8 1 1 1 0 0 2 0 0
1038 8 1 1 1 0 0 2 0 0
1039 8 0 0 1 0 0 2 0 0
1040 8 1 1 1 0 0 2 0 0
1041 8 0 0 1 0 0 2 0 0
1042 8 1 1 1 0 0 2 0 0
1043 8 1 1 1 0 0 2 0 0
1044 8 0 0 1 0 0 2 0 0
1045 8 1 1 1 0 0 2 0 0
1046 8 1 1 1 0 0 2 0 0
1047 8 0 0 1 0 0 2 0 0
1048 8 1 1 1 0 0 2 0 0
1049 9 0 0 2 0 0 2 0 0
1050 3 1 1 2 0 0 1 0 0
1051 4 0 0 2 0 0 1 0 0
1054 3 0 0 0 0 0 2 0 0
1055 8 1 1 1 0 0 2 0 0
1056 8 1 1 1 0 0 2 0 0
1057 8 0 0 1 0 0 2 0 0
1058 8 1 1 1 0 0 2 0 0
1059 8 0 0 1 0 0 2 0 0
1060 8 1 1 1 0 0 2 0 0
1061 8 1 1 1 0 0 2 0 0
1062 8 0 0 1 0 0 2 0 0
1063 8 1 1 1 0 0 2 0 0
1064 8 1 1 1 0 0 2 0 0
1065 8 0 0 1 0 0 2 0 0
1066 8 1 1 1 0 0 2 0 0
1067 8 0 0 1 0 0 2 0 0
1068 8 1 1 1 0 0 2 0 0
1069 8 1 1 1 0 0 2 0 0
1070 8 0 0 1 0 0 2 0 0
1071 8 1 1 1 0 0 2 0 0
1072 8 1 1 1 0 0 2 0 0
1073 8 0 0 1 0 0 2 0 0
1074 8 1 1 1 0 0 2 0 0
1075 8 0 0 1 0 0 2 0 0
1076 8 1 1 1 0 0 2 0 0
1077 8 1 1 1 0 0 2 0 0
1078 8 0 0 1 0 0 2 0 0
1079 8 1 1 1 0 0 2 0 0
1080 8 1 1 1 0 0 2 0 0
1081 8 0 0 1 0 0 2 0 0
1082 8 1 1 1 0 0 2 0 0
1083 8 0 0 1 0 0 2 0 0
1084 8 1 1 1 0 0 2 0 0
1085 9 1 1 2 0 0 2 0 0
1086 3 0 0 1 0 0 1 0 0
1087 3 0 0 2 0 0 1 0 0
1088 4 1 1 2 1 0 1 0 0
1091 3 0 0 0 0 0 2 1 0
1092 8 0 0 1 0 0 2 0 0
1093 8 1 1 1 0 0 2 0 0
1094 8 1 1 1 0 0 2 0 0
1095 9 0 0 2 0 0 2 0 0
1096 3 1 1 2 0 0 1 0 0
1097 4 0 0 2 0 0 1 0 0
1100 3 0 0 0 0 0 2 1 0
1101 8 1 1 1 0 0 2 0 0
1102 8 0 0 1 0 0 2 0 0
1103 8 1 1 1 0 0 2 0 0
1104 9 1 1 2 0 0 2 0 0
1105 3 0 0 2 0 0 1 0 0
1106 4 0 0 2 0 0 1 0 0
1109 3 1 1 0 0 0 2 0 0
1110 8 0 0 1 0 0 2 0 0
1111 8 1 1 1 0 0 2 0 0
1112 8 0 0 1 0 0 2 0 0
1113 9 1 1 2 0 0 2 0 0
1114 3 0 0 2 0 0 1 0 0
1115 4 1 1 2 0 0 1 0 0
1118 3 0 0 0 0 0 2 0 0
1119 8 1 1 1 0 0 2 0 0
1120 8 0 0 1 0 0 2 0 0
1121 8 1 1 1 0 0 2 0 0
1122 8 0 0 1 0 0 2 0 0
1123 8 1 1 1 0 0 2 0 0
1124 8 1 1 1 0 0 2 0 0
1125 8 0 0 1 0 0 2 0 0
1126 8 1 1 1 0 0 2 0 0
1127 9 1 1 2 0 0 2 0 0
1128 3 0 0 2 0 0 1 0 0
1129 4 0 0 2 0 0 1 0 0
1131 5 1 1 1 0 0 2 0 0
1133 8 0 0 1 0 0 2 0 0
1134 8 1 1 1 0 0 2 0 0
1135 8 1 1 1 0 0 2 0 0
1136 8 0 0 1 0 0 2 0 0
1137 8 1 1 1 0 0 2 0 0
1138 8 0 0 1 0 0 2 0 0
1139 8 1 1 1 0 0 2 0 0
1140 8 1 1 1 0 0 2 0 0
1141 8 0 0 1 0 0 2 0 0
1142 8 1 1 1 0 0 2 0 0
1143 8 1 1 1 0 0 2 0 0
1144 8 0 0 1 0 0 2 0 0
1145 8 1 1 1 0 0 2 0 0
1146 8 0 0 1 0 0 2 0 0
1147 8 1 1 1 0 0 2 0 0
1148 8 1 1 1 0 0 2 0 0
1149 8 0 0 1 0 0 2 0 0
1150 8 1 1 1 0 0 2 0 0
1151 8 1 1 1 0 0 2 0 0
1152 8 0 0 1 0 0 2 0 0
1153 8 1 1 1 0 0 2 0 0
1155 9 0 0 2 0 0 2 0 0
1156 4 1 1 2 0 0 1 0 0
1158 3 0 0 0 0 0 2 1 0
1159 3 0 0 2 0 0 1 0 0
1161 8 1 1 1 0 0 2 0 0
1162 8 1 1 1 0 0 2 0 0
1163 8 0 0 1 0 0 2 0 0
1165 9 1 1 2 0 0 2 0 0
1166 4 0 0 2 0 0 1 0 0
1169 1 0 0 0 0 0 1 0 0
1172 3 0 0 0 0 0 2 1 0
1173 3 1 1 0 0 0 2 0 0
1174 3 0 0 0 0 0 2 0 0
1175 4 0 0 2 0 0 1 0 0
1176 4 1 1 2 0 0 1 0 0
1177 4 0 0 2 0 0 1 0 0
1180 2 0 0 0 0 0 1 1 1
1181 2 0 0 0 0 0 1 0 0
1182 2 0 0 0 0 0 1 0 0
1183 2 1 1 0 0 0 1 0 0
1184 2 0 0 0 0 0 1 1 1
1185 2 0 0 0 0 0 1 0 0
1186 2 0 0 0 0 0 1 0 0
1187 2 1 1 0 0 0 1 0 0
1188 2 0 0 0 0 0 1 0 0
1191 2 0 0 0 0 0 1 0 0
1192 2 0 0 0 0 0 1 0 0
1193 2 0 0 0 0 0 1 0 0
1194 2 1 1 0 0 0 1 1 1
1195 2 0 0 0 0 0 1 0 0
1196 2 0 0 0 0 0 1 0 0
1199 1 0 0 0 0 0 1 0 0
1200 5 0 0 3 1 0 0 0 0
fn=ctr_internal_cast2number
461 284 1 0 0 0 0 142 0 0
462 497 0 0 213 0 0 0 0 0
472 142 0 0 142 0 0 0 0 0
fn=ctr_internal_cast2string
481 4260 1 1 0 0 0 2130 0 0
482 7449 1 1 3192 6 0 0 0 0
483 9 0 0 0 0 0 6 0 0
484 9 0 0 6 0 0 3 0 0
487 18 2 1 6 0 0 0 0 0
495 15 2 1 3 0 0 6 0 0
496 3 0 0 0 0 0 0 0 0
504 9 2 1 3 0 0 3 0 0
505 15 0 0 6 0 0 0 0 0
510 3 0 0 3 0 0 0 0 0
511 2130 1 1 2130 0 0 0 0 0
fn=ctr_internal_create_func
448 2118 0 0 0 0 0 1412 0 0
449 1059 0 0 0 0 0 706 0 0
450 1059 0 0 706 0 0 353 0 0
451 2118 1 1 1059 0 0 353 0 0
452 1059 0 0 706 0 0 0 0 0
fn=ctr_internal_create_mapped_object
410 9855 0 0 0 0 0 5913 1 0
412 9855 3 1 1971 0 0 3942 2 0
413 13797 0 0 3942 0 0 3942 0 0
414 13797 1 1 3942 0 0 3942 0 0
415 5913 0 0 3942 0 0 1971 0 0
416 5913 1 1 3942 0 0 1971 0 0
417 5913 0 0 3942 0 0 1971 0 0
418 5913 0 0 3942 0 0 1971 0 0
419 17739 0 0 5913 0 0 1971 0 0
420 7884 1 1 3942 0 0 1971 0 0
421 7884 0 0 3942 0 0 1971 0 0
422 7884 0 0 3942 0 0 1971 0 0
423 17739 0 0 5913 0 0 1971 0 0
424 7884 2 1 3942 0 0 1971 0 0
425 3946 0 0 1973 0 0 2 0 0
426 5016 0 0 2329 0 0 358 0 0
427 3942 0 0 1971 0 0 0 0 0
428 7315 1 1 2090 0 0 2090 0 0
429 4180 0 0 2090 0 0 1045 0 0
430 3135 0 0 2090 0 0 1045 0 0
432 3942 1 1 1971 0 0 1971 0 0
433 5913 0 0 1971 1 0 0 0 0
434 3 0 0 1 0 0 1 0 0
436 5910 0 0 3940 0 0 1970 0 0
437 3940 0 0 1970 0 0 1970 0 0
439 1971 1 1 1971 0 0 0 0 0
440 3942 0 0 3942 0 0 0 0 0
fn=ctr_internal_create_object
406 7884 1 1 0 0 0 3942 1 0
407 7884 0 0 1971 0 0 1971 0 0
408 3942 0 0 3942 0 0 0 0 0
fn=ctr_internal_index_hash
188 4012 1 1 0 0 0 2006 0 0
189 4012 0 0 1003 0 0 2006 0 0
190 10030 1 1 6018 4 0 1003 0 0
191 2006 0 0 2006 0 0 0 0 0
fn=ctr_internal_object_add_property
327 3374 17 2 0 0 0 2410 0 0
328 1446 0 0 964 0 0 482 0 0
329 1446 0 0 0 0 0 964 0 0
330 482 0 0 0 0 0 482 0 0
331 1446 0 0 964 0 0 482 0 0
332 2892 29 1 964 0 0 964 0 0
333 1446 0 0 964 0 0 482 0 0
334 964 0 0 482 0 0 482 0 0
335 964 0 0 482 0 0 482 0 0
336 964 0 0 482 0 0 0 0 0
337 1765 1 1 1059 0 0 0 0 0
338 95 0 0 57 0 0 19 0 0
340 1336 0 0 1002 0 0 334 0 0
341 1002 0 0 668 0 0 334 0 0
342 1002 0 0 668 0 0 334 0 0
343 1336 0 0 1002 0 0 334 0 0
345 1765 1 1 1059 0 0 353 0 0
347 645 3 0 387 5 0 0 0 0
348 290 9 1 174 0 0 58 1 0
350 284 0 0 213 0 0 71 0 0
351 213 0 0 142 0 0 71 2 0
352 213 0 0 142 0 0 71 0 0
353 284 0 0 213 0 0 71 0 0
355 645 0 0 387 0 0 129 0 0
357 1799 1 1 964 0 0 0 0 0
fn=ctr_internal_object_delete_property
266 600 6 1 0 0 0 400 0 0
267 400 0 0 100 0 0 200 0 0
269 200 0 0 100 0 0 0 0 0
275 500 2 1 300 11 0 0 0 0
276 55 0 0 0 0 0 0 0 0
278 180 0 0 135 1 0 45 0 0
280 229 0 0 92 0 0 0 0 0
281 200 21 1 147 1 0 1 0 0
282 8 0 0 4 0 0 0 0 0
283 5 1 1 4 0 0 1 0 0
284 6 0 0 4 0 0 1 0 0
293 2 1 1 1 0 0 0 0 0
303 5 2 2 4 0 0 0 0 0
310 5 0 0 3 0 0 1 0 0
312 3 0 0 1 0 0 1 0 0
313 1 0 0 0 0 0 0 0 0
315 141 0 0 94 0 0 47 0 0
317 88 0 0 0 0 0 0 0 0
318 200 0 0 200 0 0 0 0 0
fn=ctr_internal_object_find_property
200 2526 0 0 0 0 0 1684 0 0
201 2526 0 0 1263 0 0 421 0 0
202 842 0 0 842 0 0 0 0 0
fn=ctr_internal_object_find_property_ignore
204 2947 1 1 0 0 0 2105 0 0
206 1684 0 0 421 0 0 842 0 0
229 842 0 0 421 0 0 0 0 0
230 1320 0 0 792 81 0 0 0 0
231 236 0 0 0 0 0 0 0 0
233 730 1 1 438 25 0 146 0 0
235 785 0 0 471 66 0 0 0 0
238 628 0 0 471 18 0 157 0 0
243 6391 0 0 3117 0 0 0 0 0
247 14292 0 0 9960 913 0 253 0 0
251 759 0 0 506 0 0 0 0 0
253 8442 0 0 5628 394 0 2814 0 0
255 50 0 0 0 0 0 0 0 0
256 842 1 1 842 0 0 0 0 0
fn=ctr_internal_object_is_constructible_
115 238 9 2 0 0 0 170 0 0
116 102 0 0 68 0 0 0 0 0
122 207 0 0 84 2 0 0 0 0
123 140 6 1 56 0 0 0 0 0
133 135 11 1 54 0 0 0 0 0
139 135 13 2 54 0 0 0 0 0
145 240 8 2 96 0 0 0 0 0
146 147 0 0 42 0 0 42 0 0
147 168 6 1 63 0 0 21 0 0
148 21 0 0 0 0 0 21 0 0
149 63 0 0 0 0 0 42 0 0
150 63 6 1 0 0 0 42 0 0
151 243 6 1 129 0 0 0 0 0
152 324 0 0 72 0 0 72 0 0
153 288 6 1 108 0 0 72 0 0
154 252 0 0 36 0 0 36 0 0
155 279 5 0 153 0 0 18 0 0
156 162 1 1 81 0 0 0 0 0
160 63 6 1 21 0 0 21 0 0
161 42 0 0 21 0 0 0 0 0
163 125 12 2 42 2 0 10 0 0
164 15 0 0 0 0 0 10 0 0
165 15 0 0 10 0 0 5 0 0
166 30 5 0 10 0 0 10 3 0
167 15 2 1 10 3 0 5 3 0
168 30 0 0 10 0 0 10 0 0
169 15 0 0 5 0 0 5 0 0
171 35 2 1 15 0 0 5 0 0
173 3 0 0 0 0 0 2 0 0
174 3 0 0 2 0 0 1 0 0
175 8 0 0 2 0 0 2 0 0
176 3 0 0 1 0 0 1 0 0
177 8 0 0 4 0 0 0 0 0
178 136 6 1 102 3 0 0 0 0
fn=ctr_internal_object_is_equal
55 1656 3 0 0 0 0 1104 0 0
56 828 0 0 552 0 0 0 0 0
62 2760 3 1 1104 80 0 0 0 0
63 1104 0 0 828 138 0 276 0 0
64 1104 17 1 828 0 0 276 0 0
65 1104 0 0 828 18 0 276 0 0
66 1104 0 0 828 0 0 276 0 0
67 840 0 0 552 0 0 0 0 0
68 2160 2 1 810 0 0 540 0 0
69 1050 0 0 270 0 0 0 0 0
70 30 0 0 0 0 0 0 0 0
106 1104 1 1 828 0 0 0 0 0
fn=ctr_internal_object_set_property
366 574 0 0 0 0 0 410 0 0
367 492 0 0 246 0 0 82 0 0
368 492 5 1 328 0 0 82 0 0
369 246 0 0 164 0 0 0 0 0
fn=ctr_internal_readf
23 5 1 1 0 0 0 3 0 0
30 5 1 1 1 0 0 2 0 0
31 2 0 0 1 0 0 0 0 0
35 4 1 1 1 0 0 2 0 0
36 5 0 0 1 0 0 1 0 0
37 4 0 0 1 0 0 2 0 0
38 7 1 1 2 0 0 1 0 0
39 3 0 0 1 0 0 1 0 0
40 4 0 0 1 0 0 2 0 0
41 1 0 0 0 0 0 1 0 0
42 6078 1 1 2337 0 0 1870 0 0
43 3 0 0 1 0 0 1 0 0
44 3 0 0 2 0 0 1 0 0
45 1 1 1 1 0 0 0 0 0
46 2 0 0 2 0 0 0 0 0
fn=ctr_open_context
540 111 1 1 0 0 0 37 0 0
542 111 3 1 37 12 0 0 0 0
546 111 0 0 0 0 0 74 0 0
547 148 2 1 74 0 0 37 0 0
548 333 0 0 111 0 0 74 0 0
549 111 0 0 74 0 0 0 0 0
fn=ctr_send_message
1209 1022 15 1 0 0 0 730 0 0
1210 146 0 0 0 0 0 146 0 0
1211 146 0 0 0 0 0 146 0 0
1212 146 0 0 0 0 0 146 0 0
1221 146 0 0 0 0 0 146 0 0
1223 438 0 0 146 0 0 0 0 0
1224 730 25 1 146 0 0 0 0 0
1231 146 8 1 0 0 0 146 0 0
1232 292 0 0 146 0 0 146 0 0
1233 568 0 0 284 28 1 0 0 0
1241 876 17 1 292 0 0 292 0 0
1242 584 0 0 292 0 0 146 0 0
1243 674 12 1 264 0 0 0 0 0
1244 1848 0 0 528 0 0 528 0 0
1245 820 0 0 410 0 0 0 0 0
1246 820 0 0 264 0 0 0 0 0
1247 472 0 0 236 2 0 0 0 0
1248 354 0 0 236 0 0 118 0 0
1250 292 0 0 146 0 0 0 0 0
1272 730 1 1 292 28 0 0 0 0
1273 438 0 0 292 31 0 146 0 0
1287 1022 0 0 438 0 0 292 6 0
1289 730 10 1 292 7 0 0 0 0
1296 876 0 0 438 7 0 146 0 0
1297 730 17 1 292 1 0 0 0 0
1298 146 0 0 146 0 0 0 0 0
1299 292 0 0 292 1 0 0 0 0
fn=ctr_set
643 6 1 1 0 0 0 4 0 0
644 2 0 0 1 0 0 1 0 0
646 1 0 0 0 0 0 1 0 0
647 8 1 1 3 0 0 0 0 0
651 4 1 1 2 0 0 0 0 0
652 6 1 1 2 0 0 1 0 0
653 7 0 0 2 0 0 2 0 0
654 3 0 0 1 0 0 0 0 0
657 2 0 0 1 0 0 0 0 0
674 3 1 1 2 0 0 1 0 0
675 6 1 0 3 0 0 1 0 0
676 4 0 0 3 0 0 0 0 0
fl=???
fn=(below main)
0 54 4 4 16 1 0 15 0 0
fn=???
0 59471710 122 63 59471381 148 0 108 3 2
fn=_Exit
0 8 1 1 1 1 0 0 0 0
fn=_IO_cleanup
0 108 9 9 33 1 0 18 0 0
fn=_IO_default_finish
0 15 2 2 6 0 0 1 0 0
fn=_IO_default_setbuf
0 51 4 4 9 0 0 15 0 0
fn=_IO_default_uflow
0 20 2 2 5 0 0 3 0 0
fn=_IO_default_xsputn
0 113 6 4 30 0 0 9 0 0
fn=_IO_do_write@@GLIBC_2.2.5
0 26 4 1 5 0 0 4 0 0
fn=_IO_doallocbuf
0 50 6 3 16 1 0 8 0 0
fn=_IO_file_close
0 6 1 1 2 0 0 0 0 0
fn=_IO_file_close_it@@GLIBC_2.2.5
0 54 6 6 10 0 0 16 0 0
fn=_IO_file_doallocate
0 114 11 6 28 2 0 14 0 0
fn=_IO_file_finish@@GLIBC_2.2.5
0 12 2 2 3 0 0 2 0 0
fn=_IO_file_fopen@@GLIBC_2.2.5
0 60 6 6 13 1 1 9 0 0
fn=_IO_file_open
0 32 3 3 6 0 0 7 0 0
fn=_IO_file_overflow@@GLIBC_2.2.5
0 195 7 5 52 0 0 35 0 0
fn=_IO_file_read
0 10 1 1 4 0 0 0 0 0
fn=_IO_file_seek
0 6 1 1 3 0 0 0 0 0
fn=_IO_file_seekoff@@GLIBC_2.2.5
0 311 21 21 88 1 0 54 0 0
fn=_IO_file_setbuf@@GLIBC_2.2.5
0 15 1 1 3 0 0 8 0 0
fn=_IO_file_stat
0 12 2 1 3 0 0 0 0 0
fn=_IO_file_sync@@GLIBC_2.2.5
0 17 4 4 7 0 0 3 0 0
fn=_IO_file_underflow@@GLIBC_2.2.5
0 54 5 5 15 0 0 15 0 0
fn=_IO_file_write@@GLIBC_2.2.5
0 74 7 3 18 0 0 12 0 0
fn=_IO_file_xsputn@@GLIBC_2.2.5
0 303 16 7 62 4 2 34 0 0
fn=_IO_flush_all_lockp
0 103 9 9 30 6 2 15 0 0
fn=_IO_link_in
0 113 10 10 42 2 0 20 0 0
fn=_IO_new_file_init_internal
0 13 2 2 4 0 0 5 0 0
fn=_IO_no_init
0 99 7 3 20 0 0 44 2 2
fn=_IO_old_init
0 102 9 3 12 3 1 66 2 2
fn=_IO_seekoff_unlocked
0 96 3 3 18 1 0 8 0 0
fn=_IO_setb
0 119 3 1 29 1 0 28 0 0
fn=_IO_str_init_static_internal
0 105 6 3 15 0 0 36 0 0
fn=_IO_switch_to_get_mode
0 24 3 3 8 0 0 7 0 0
fn=_IO_un_link
0 6 1 1 3 0 0 0 0 0
fn=_IO_unsave_markers
0 5 1 1 3 0 0 0 0 0
fn=__GI__IO_un_link.part.1
0 102 11 11 36 0 0 16 0 0
fn=__GI___tunables_init
0 20983 7 7 4200 36 36 6 0 0
fn=__GI_strstr
0 32 4 4 12 1 1 7 0 0
fn=____strtod_l_internal
0 11042 384 30 2194 75 2 1486 85 0
fn=__acos_finite
0 5 0 0 3 0 0 0 0 0
fn=__asin_finite
0 5 2 2 3 0 0 0 0 0
fn=__atan2_finite
0 8 1 1 3 0 0 0 0 0
fn=__bsd_signal.part.0
0 96 3 3 7 1 1 20 0 0
fn=__call_tls_dtors
0 11 2 2 5 1 0 2 0 0
fn=__correctly_grouped_prefixmb
0 640 36 2 224 0 0 224 14 0
fn=__ctype_b_loc
0 14703 3 1 14703 11 0 0 0 0
fn=__ctype_init
0 16 2 2 10 4 0 3 0 0
fn=__cxa_atexit
0 22 2 2 5 0 0 8 0 0
fn=__cxa_finalize
0 376 4 3 96 2 0 48 0 0
fn=__default_morecore
0 63 10 2 9 0 0 9 0 0
fn=__exp_finite
0 8 1 1 3 0 0 0 0 0
fn=__fopen_internal
0 39 2 2 5 1 0 10 1 1
fn=__fopen_maybe_mmap
0 4 2 2 2 0 0 0 0 0
fn=__init_misc
0 24 2 2 7 1 0 5 1 0
fn=__libc_csu_init
0 34 2 2 9 1 0 8 0 0
fn=__libc_pthread_init
0 393 2 2 110 7 0 58 8 8
fn=__libc_sigaction
0 179 16 16 53 0 0 47 2 1
fn=__log_finite
0 8 1 1 3 0 0 0 0 0
fn=__memcmp_avx2_movbe
0 4060 69 7 1152 27 0 0 0 0
fn=__memcpy_avx_unaligned_erms
0 275731 18 10 254911 3643 2 253214 4163 4159
fn=__mempcpy_avx_unaligned_erms
0 18 0 0 0 0 0 0 0 0
fn=__memset_avx2_unaligned_erms
0 4298 40 4 129 0 0 1508 208 52
fn=__mpn_construct_double
0 490 52 2 105 0 0 35 0 0
fn=__mpn_extract_double
0 60 6 3 3 0 0 12 2 0
fn=__mpn_lshift
0 570 25 2 76 0 0 38 0 0
fn=__mpn_mul_1
0 720 4 2 108 0 0 72 0 0
fn=__new_exitfn
0 38 7 7 11 4 1 5 0 0
fn=__pow_finite
0 5 1 1 3 0 0 0 0 0
fn=__printf_fp
0 18 2 1 6 2 0 0 0 0
fn=__printf_fp_l
0 2283 109 55 495 12 3 375 14 3
fn=__pthread_initialize_minimal
0 202 14 14 28 9 0 56 9 4
fn=__pthread_mutex_unlock_usercnt
0 62 8 4 16 2 0 2 0 0
fn=__register_atfork
0 52 5 5 12 2 2 9 0 0
fn=__run_exit_handlers
0 64 5 5 9 3 0 10 0 0
fn=__sigjmp_save
0 8 0 0 2 0 0 2 0 0
fn=__sigsetjmp
0 379 5 5 99 0 0 160 0 0
fn=__strchrnul_avx2
0 108 6 3 12 2 1 0 0 0
fn=__strlen_avx2
0 12952 16 3 1572 115 52 0 0 0
fn=__strncmp_sse42
0 75060 210 21 10611 53 3 0 0 0
fn=__strncpy_ssse3
0 189 20 16 28 1 0 25 0 0
fn=__strrchr_avx2
0 27 4 4 2 1 0 0 0 0
fn=__time_syscall
0 6 0 0 2 0 0 0 0 0
fn=__tunable_get_val
0 415 4 2 92 11 0 23 0 0
fn=__uflow
0 33 4 4 11 1 0 3 0 0
fn=__unregister_atfork
0 176 3 3 72 2 0 24 0 0
fn=_dl_add_to_namespace_list
0 421 2 2 116 0 0 71 0 0
fn=_dl_add_to_slotinfo
0 20 3 3 8 3 0 5 0 0
fn=_dl_addr
0 58413 8 8 14007 1061 605 17 2 0
fn=_dl_allocate_tls_init
0 100 8 8 29 4 0 17 1 1
fn=_dl_allocate_tls_storage
0 323 3 3 7 0 0 295 37 37
fn=_dl_cache_libcmp
0 6441 3 3 1013 55 55 0 0 0
fn=_dl_catch_error
0 703 4 4 171 0 0 342 5 5
fn=_dl_check_all_versions
0 149 2 2 25 0 0 14 0 0
fn=_dl_check_map_versions
0 6466 13 13 2046 47 31 786 57 52
fn=_dl_count_modids
0 4 2 2 3 0 0 0 0 0
fn=_dl_debug_initialize
0 89 5 3 31 2 1 4 0 0
fn=_dl_debug_state
0 2 2 1 2 0 0 0 0 0
fn=_dl_determine_tlsoffset
0 66 6 6 14 0 0 9 0 0
fn=_dl_discover_osversion
0 82 4 4 12 1 1 4 1 1
fn=_dl_find_dso_for_object
0 71 4 4 29 5 0 4 0 0
fn=_dl_fini
0 602 11 11 202 56 0 68 10 0
fn=_dl_fixup
0 1706 12 6 616 121 16 138 1 0
fn=_dl_get_tls_static_info
0 5 1 1 3 0 0 2 1 1
fn=_dl_important_hwcaps
0 573 21 21 91 0 0 70 7 7
fn=_dl_init
0 152 5 5 42 2 0 17 0 0
fn=_dl_init_paths
0 109 10 10 16 0 0 32 2 2
fn=_dl_load_cache_lookup
0 2379 17 17 335 52 51 249 1 1
fn=_dl_lookup_symbol_x
0 85553 29 12 18483 284 208 10993 21 0
fn=_dl_map_object
0 4336 25 25 966 0 0 582 11 11
fn=_dl_map_object_deps
0 4602 39 39 986 28 2 343 6 6
fn=_dl_map_object_from_fd
0 7120 49 49 1667 75 75 820 75 75
fn=_dl_name_match_p
0 60052 6 3 15560 69 0 8902 4 1
fn=_dl_new_object
0 1691 14 14 333 10 10 334 61 61
fn=_dl_next_ld_env_entry
0 420 2 2 145 0 0 1 0 0
fn=_dl_next_tls_modid
0 6 2 2 3 0 0 1 0 0
fn=_dl_protect_relro
0 210 2 2 60 4 0 20 0 0
fn=_dl_receive_error
0 15 1 1 5 0 0 7 0 0
fn=_dl_relocate_object
0 69336 54 54 17138 1275 1089 6477 377 347
fn=_dl_runtime_resolve_avx_slow
0 264 2 1 0 0 0 0 0 0
fn=_dl_runtime_resolve_sse_vex
0 1100 25 6 396 0 0 374 5 0
fn=_dl_setup_hash
0 230 3 3 70 11 11 60 1 1
fn=_dl_sort_fini
0 1469 11 11 386 11 0 67 1 0
fn=_dl_start
0 867 22 20 207 32 30 74 32 31
fn=_dl_sysdep_read_whole_file
0 41 3 3 6 1 1 9 2 2
fn=_dl_sysdep_start
0 619 31 30 157 18 16 64 7 7
fn=_dl_sysdep_start_cleanup
0 1 1 0 1 0 0 0 0 0
fn=_dl_unload_cache
0 10 2 2 3 1 0 2 0 0
fn=_dl_vdso_vsym
0 136 4 2 48 8 0 8 0 0
fn=_fxstat
0 108 3 2 12 0 0 0 0 0
fn=_init
0 99 7 7 17 5 0 17 3 3
fn=_int_free
0 5290952241 95 22 1486222573 119 0 475591558 17 0
fn=_int_malloc
0 1635404 181 45 271422 81 1 290768 6712 3868
fn=_int_realloc
0 24716 59 14 4904 15 0 3795 219 219
fn=_pthread_cleanup_pop_restore
0 18 1 1 6 0 0 2 0 0
fn=_pthread_cleanup_push_defer
0 24 2 2 6 1 0 10 0 0
fn=_setjmp
0 2 1 1 0 0 0 0 0 0
fn=_start
0 11 2 2 2 0 0 3 0 0
fn=access
0 9 2 2 1 0 0 1 0 0
fn=allocate_dtv
0 19 2 2 5 0 0 5 0 0
fn=atof
0 134 26 1 0 0 0 0 0 0
fn=bcmp
0 75 9 6 19 4 1 0 0 0
fn=brk
0 95 11 4 15 0 0 8 0 0
fn=cache_rpath.part.6
0 32 1 1 8 0 0 4 0 0
fn=call_init.part.0
0 476 5 5 169 40 0 73 0 0
fn=calloc
0 1098877 21 13 251673 35 0 113215 334 319
fn=ceil
0 5 1 1 3 0 0 0 0 0
fn=ceilf
0 5 1 1 3 0 0 0 0 0
fn=check_match
0 24627 22 6 8434 574 271 2931 19 0
fn=clock_gettime
0 2 1 1 2 1 0 0 0 0
fn=close
0 54 1 1 9 0 0 0 0 0
fn=cos
0 8 1 1 3 0 0 0 0 0
fn=dl_main
0 1328 68 68 338 55 23 143 21 18
fn=do_lookup_x
0 231184 50 17 72618 1302 368 29949 20 0
fn=do_preload
0 28 2 2 8 0 0 8 0 0
fn=dso_name_valid_for_suid
0 14 2 2 5 0 0 2 0 0
fn=elision_init
0 16 2 2 5 2 0 2 1 1
fn=exit
0 5 1 1 0 0 0 1 0 0
fn=expand_dynamic_string_token
0 24 1 1 6 0 0 7 1 1
fn=fclose@@GLIBC_2.2.5
0 75 7 7 27 1 0 9 0 0
fn=floor
0 5 2 2 3 0 0 0 0 0
fn=floorf
0 5 1 1 3 0 0 0 0 0
fn=fopen@@GLIBC_2.2.5
0 2 1 1 0 0 0 0 0 0
fn=free
0 1307872632 6 3 356692536 22 0 59448756 0 0
fn=fseek
0 78 4 4 30 0 0 8 0 0
fn=ftell
0 86 5 5 30 0 0 8 0 0
fn=fwrite
0 295 14 7 92 8 0 37 0 0
fn=get_common_indeces.constprop.1
0 64 5 5 8 0 0 15 1 1
fn=getc
0 6080 2 2 2806 8 8 935 0 0
fn=getrlimit
0 9 1 1 1 0 0 0 0 0
fn=gettimeofday
0 240 3 3 20 2 0 16 0 0
fn=hack_digit
0 900 6 3 288 0 0 144 1 1
fn=handle_intel.constprop.1
0 177 6 6 36 0 0 45 0 0
fn=handle_ld_preload
0 47 3 3 9 0 0 10 1 1
fn=index
0 773 5 5 108 9 9 0 0 0
fn=init_cacheinfo
0 247 15 15 20 1 0 21 3 3
fn=init_tls
0 115 6 5 28 11 1 13 0 0
fn=intel_check_word.isra.0
0 1305 9 9 111 6 6 24 0 0
fn=lseek
0 21 1 1 3 0 0 0 0 0
fn=malloc
0 1221 21 13 235 3 0 177 1 1
fn=malloc_consolidate
0 1727 42 9 617 1 1 154 0 0
fn=malloc_hook_ini
0 11 2 2 3 2 1 3 0 0
fn=malloc_init_state
0 648 3 3 2 0 0 257 33 33
fn=map_doit
0 14 2 2 5 0 0 3 0 0
fn=match_symbol
0 5322 3 3 2002 40 32 450 0 0
fn=memchr
0 8 0 0 3 0 0 0 0 0
fn=memcpy
0 739 6 4 217 5 2 149 29 29
fn=memcpy@@GLIBC_2.14
0 80 6 3 20 0 0 0 0 0
fn=memmove
0 48 3 3 12 0 0 0 0 0
fn=mempcpy
0 90 3 3 12 1 0 0 0 0
fn=memrchr
0 8 2 2 3 0 0 0 0 0
fn=memset
0 1901 8 5 39 0 0 892 211 211
fn=mmap
0 799 3 3 169 0 0 138 7 7
fn=mprotect
0 90 0 0 18 0 0 0 0 0
fn=munmap
0 5 1 1 1 0 0 0 0 0
fn=new_do_write
0 110 10 5 32 1 0 26 0 0
fn=open
0 171 5 5 14 0 0 11 1 1
fn=open_verify.constprop.7
0 1420 14 14 383 15 15 112 1 1
fn=openaux
0 306 1 1 144 0 0 54 0 0
fn=pthread_mutex_lock
0 68 10 5 16 1 0 4 0 0
fn=pthread_mutex_unlock
0 4 2 1 0 0 0 0 0 0
fn=ptmalloc_init.part.3
0 90 10 10 26 7 1 18 2 0
fn=rand
0 64 1 1 16 0 0 16 0 0
fn=random
0 352 3 3 144 0 0 32 0 0
fn=random_r
0 8782 3 3 2608 0 0 1304 0 0
fn=rawmemchr
0 8 1 1 3 0 0 0 0 0
fn=read
0 66 2 2 12 0 0 0 0 0
fn=read_int
0 93 6 3 15 0 0 6 0 0
fn=realloc
0 31062 26 9 6741 40 0 2998 0 0
fn=realloc_hook_ini
0 8 2 2 3 0 0 2 0 0
fn=rindex
0 16 1 1 6 0 0 0 0 0
fn=rint
0 5 2 2 3 0 0 0 0 0
fn=rintf
0 5 1 1 3 0 0 0 0 0
fn=round_and_return
0 2660 88 10 455 0 0 385 18 3
fn=round_away
0 350 1 1 35 0 0 0 0 0
fn=rtld_lock_default_lock_recursive
0 18 1 1 18 1 1 0 0 0
fn=rtld_lock_default_unlock_recursive
0 18 0 0 18 0 0 0 0 0
fn=sbrk
0 243 17 5 68 16 1 36 0 0
fn=sigaction
0 4 1 1 0 0 0 0 0 0
fn=signal
0 6 2 2 0 0 0 0 0 0
fn=sin
0 8 1 1 3 0 0 0 0 0
fn=snprintf
0 90 6 3 12 0 0 51 0 0
fn=srand
0 17 3 3 5 1 1 1 0 0
fn=srandom_r
0 2475 4 4 11 2 0 347 3 2
fn=stpcpy
0 9 1 1 4 0 0 0 0 0
fn=stpncpy
0 9 0 0 4 0 0 0 0 0
fn=str_to_mpn.isra.0
0 1680 89 5 420 13 1 315 20 1
fn=strcasecmp
0 6 2 2 3 0 0 0 0 0
fn=strcasecmp_l
0 6 1 1 3 0 0 0 0 0
fn=strcat
0 9 1 1 4 0 0 0 0 0
fn=strchrnul
0 8 1 1 3 1 0 0 0 0
fn=strcmp
0 189245 123 76 38324 485 187 0 0 0
fn=strcpy
0 18 0 0 8 1 0 0 0 0
fn=strcspn
0 224 4 4 103 1 1 34 4 4
fn=strdup
0 136 2 2 24 0 0 32 0 0
fn=strlen
0 1128 6 4 169 5 5 0 0 0
fn=strncasecmp
0 6 2 2 3 0 0 0 0 0
fn=strncasecmp_l
0 6 1 1 3 0 0 0 0 0
fn=strncmp
0 24 3 1 12 1 0 0 0 0
fn=strncpy
0 18 4 2 8 2 0 0 0 0
fn=strnlen
0 16 1 1 6 0 0 0 0 0
fn=strpbrk
0 6 0 0 3 0 0 0 0 0
fn=strspn
0 6 1 1 3 0 0 0 0 0
fn=strtod
0 268 14 1 134 25 0 0 0 0
fn=sysmalloc
0 640 53 19 139 19 1 116 10 6
fn=systrim.isra.0.constprop.15
0 50 3 3 18 0 0 8 0 0
fn=tcache_get
0 42 6 2 18 0 0 3 0 0
fn=tcache_init.part.9
0 109 4 4 10 0 0 76 8 8
fn=tcache_put
0 539 2 1 245 15 0 98 0 0
fn=time
0 120 6 3 10 2 1 8 0 0
fn=uname
0 5 1 1 1 0 0 0 0 0
fn=version_check_doit
0 10 0 0 4 0 0 2 0 0
fn=vfprintf
0 822 60 30 189 18 4 165 12 0
fn=vsnprintf
0 150 8 4 33 0 0 39 0 0
fn=wcschr
0 16 2 2 6 0 0 0 0 0
fn=wcslen
0 16 2 2 6 0 0 0 0 0
fn=wcsnlen
0 7 2 2 3 0 0 0 0 0
fn=wmemchr
0 16 2 2 6 0 0 0 0 0
fn=wmemset
0 26 2 2 6 0 0 0 0 0
fn=write
0 18 2 1 4 0 0 0 0 0
summary: 9208401628 6872 2381 3033715359 13629 3275 1083065677 13633 10019
