desc: I1 cache:         32768 B, 64 B, 8-way associative
desc: D1 cache:         32768 B, 64 B, 8-way associative
desc: LL cache:         6291456 B, 64 B, 12-way associative
cmd: ./ctr tests/test0281.ctr
events: Ir I1mr ILmr Dr D1mr DLmr Dw D1mw DLmw 
fl=/home/ali/Documents/ProjectCitron/citron/base.c
fn=ctr_block_run
3403 54 1 1 0 0 0 36 0 0
3405 27 0 0 18 0 0 9 0 0
3406 27 0 0 18 1 0 9 0 0
3407 27 1 1 18 3 0 9 0 0
3408 36 0 0 27 3 0 9 0 0
3409 27 0 0 18 3 0 9 0 0
3413 18 0 0 0 0 0 9 0 0
3414 42 2 1 21 0 0 0 0 0
3415 18 0 0 12 0 0 6 0 0
3417 36 0 0 18 0 0 0 0 0
3418 72 1 1 24 1 0 6 0 0
3419 24 0 0 12 0 0 0 0 0
3422 36 1 1 18 0 0 0 0 0
3432 12 1 1 6 0 0 0 0 0
3433 18 0 0 12 0 0 6 0 0
3434 78 4 1 30 0 0 12 0 0
3437 24 0 0 12 0 0 0 0 0
3438 18 0 0 12 0 0 6 0 0
3439 30 1 0 12 0 0 0 0 0
3444 42 2 2 15 0 0 6 0 0
3445 63 0 0 9 0 0 18 0 0
3446 36 3 1 9 0 0 18 1 0
3447 18 0 0 9 0 0 0 0 0
3448 15 0 0 6 0 0 3 0 0
3450 18 0 0 0 0 0 9 0 0
3451 27 3 1 9 0 0 0 0 0
3463 9 4 1 9 0 0 0 0 0
3464 18 0 0 18 1 0 0 0 0
fn=ctr_block_runIt
3542 5 1 1 0 0 0 3 0 0
3544 7 1 0 3 0 0 2 0 0
3545 8 1 1 4 0 0 0 0 0
3546 1 0 0 1 0 0 0 0 0
3547 2 0 0 2 1 0 0 0 0
fn=ctr_build_block
3378 28 2 1 0 0 0 14 0 0
3379 21 0 0 0 0 0 14 0 0
3380 21 0 0 14 0 0 7 0 0
3381 21 0 0 14 0 0 7 0 0
3383 7 0 0 7 0 0 0 0 0
3384 14 0 0 14 0 0 0 0 0
fn=ctr_build_bool
750 4 1 1 0 0 0 2 0 0
751 3 1 1 0 0 0 2 0 0
752 5 0 0 2 0 0 1 0 0
753 5 0 0 2 0 0 1 0 0
754 3 1 1 2 0 0 1 0 0
755 1 0 0 1 0 0 0 0 0
756 2 0 0 2 0 0 0 0 0
fn=ctr_build_immutable
3334 30 1 1 0 0 0 18 0 0
3335 18 3 1 0 0 0 12 0 0
3336 18 0 0 12 0 0 6 0 0
3337 30 0 0 6 0 0 12 0 0
3338 30 0 0 18 0 0 6 0 0
3339 18 1 1 12 0 0 6 0 0
3340 30 0 0 12 0 0 12 0 0
3341 18 0 0 12 0 0 6 0 0
3342 18 3 1 12 0 0 6 0 0
3344 18 0 0 0 0 0 12 0 0
3345 30 0 0 24 0 0 6 0 0
3347 18 0 0 0 0 0 12 0 0
3348 78 1 1 36 0 0 0 0 0
3349 84 1 1 36 0 0 24 0 0
3350 36 0 0 24 0 0 12 0 0
3351 60 0 0 24 0 0 12 0 0
3352 54 0 0 24 0 0 0 0 0
3353 18 0 0 12 0 0 6 0 0
3355 18 0 0 6 0 0 6 0 0
3356 18 0 0 6 0 0 6 0 0
3357 6 0 0 6 0 0 0 0 0
3358 24 0 0 18 0 0 0 0 0
fn=ctr_build_nil
39 4 2 1 0 0 0 2 0 0
40 2 2 1 2 0 0 0 0 0
41 4 0 0 4 0 0 0 0 0
fn=ctr_build_number_from_float
1076 108 2 2 0 0 0 54 0 0
1077 81 0 0 0 0 0 54 0 0
1078 81 0 0 54 0 0 27 0 0
1079 81 0 0 54 0 0 27 0 0
1080 27 0 0 27 0 0 0 0 0
1081 54 0 0 54 0 0 0 0 0
fn=ctr_build_number_from_string
1055 60 4 1 0 0 0 36 0 0
1057 36 1 1 0 0 0 24 0 0
1059 48 0 0 24 0 0 12 0 0
1061 36 0 0 0 0 0 24 0 0
1062 84 0 0 36 0 0 12 0 0
1063 72 0 0 24 0 0 24 0 0
1064 36 0 0 24 0 0 12 0 0
1065 36 0 0 12 0 0 12 0 0
1066 12 0 0 12 0 0 0 0 0
1067 24 0 0 24 0 0 0 0 0
fn=ctr_build_string
1785 2874 1 1 0 0 0 1916 0 0
1786 1437 0 0 0 0 0 958 0 0
1787 958 1 1 479 0 0 0 0 0
1788 2856 0 0 1428 0 0 952 0 0
1789 3808 0 0 2380 0 0 476 0 0
1791 1916 1 1 1437 0 0 479 0 0
1792 1437 0 0 958 0 0 479 0 0
1793 479 0 0 479 0 0 0 0 0
1794 1916 0 0 1437 0 0 0 0 0
fn=ctr_build_string_from_cstring
1812 1620 2 1 0 0 0 810 0 0
1813 3240 1 1 810 0 0 810 0 0
1814 810 0 0 810 0 0 0 0 0
fn=ctr_is_primitive
3656 36 2 1 0 0 0 24 0 0
3657 12 0 0 12 0 0 0 0 0
3658 36 0 0 24 0 0 0 0 0
3659 36 1 1 24 0 0 0 0 0
3660 24 0 0 16 0 0 0 0 0
3661 24 0 0 16 0 0 0 0 0
3662 24 2 1 16 0 0 0 0 0
3663 24 0 0 16 0 0 0 0 0
3664 18 0 0 12 0 0 0 0 0
3665 18 0 0 12 0 0 0 0 0
3666 12 2 1 8 0 0 0 0 0
3667 12 0 0 8 0 0 0 0 0
3668 12 0 0 8 0 0 0 0 0
3669 12 0 0 8 0 0 0 0 0
3670 12 0 0 8 1 0 0 0 0
3671 12 0 0 8 0 0 0 0 0
3672 12 0 0 8 0 0 0 0 0
3673 12 0 0 8 0 0 0 0 0
3674 12 0 0 8 0 0 0 0 0
3675 56 1 1 20 0 0 0 0 0
3676 24 0 0 24 0 0 0 0 0
fn=ctr_object_assign
203 5 1 1 0 0 0 3 0 0
204 3 0 0 2 0 0 1 0 0
205 3 0 0 2 0 0 1 0 0
206 5 1 1 2 0 0 1 0 0
207 3 1 0 2 1 0 1 0 0
208 1 0 0 1 0 0 0 0 0
209 2 0 0 2 0 0 0 0 0
fn=ctr_object_ctor
112 10 1 1 0 0 0 6 0 0
113 2 0 0 0 0 0 2 0 0
114 6 0 0 0 0 0 4 0 0
115 6 1 1 4 0 0 2 0 0
116 12 0 0 6 0 0 0 0 0
117 6 0 0 0 0 0 4 0 0
118 14 0 0 8 0 0 2 0 0
119 6 1 1 2 0 0 2 0 0
121 2 0 0 2 0 0 0 0 0
122 4 0 0 4 0 0 0 0 0
fn=ctr_object_type
306 15 2 1 0 0 0 9 0 0
307 42 1 1 9 3 1 0 0 0
309 3 0 0 0 0 0 1 0 0
315 6 1 0 0 0 0 2 0 0
322 6 2 2 6 0 0 0 0 0
fn=ctr_string_append
1916 40 4 1 0 0 0 24 0 0
1921 40 3 1 16 0 0 16 0 0
1922 32 0 0 24 0 0 8 0 0
1923 32 0 0 24 0 0 8 0 0
1924 48 0 0 16 0 0 16 0 0
1925 64 1 1 40 0 0 8 0 0
1926 80 0 0 48 0 0 8 0 0
1927 40 3 1 24 0 0 0 0 0
1928 40 0 0 24 0 0 8 0 0
1930 32 0 0 24 0 0 8 0 0
1931 48 4 1 32 0 0 8 0 0
1932 8 0 0 8 0 0 0 0 0
1933 16 0 0 16 0 0 0 0 0
fn=ctr_string_assign
1801 5 0 0 0 0 0 3 0 0
1802 11 0 0 5 0 0 1 0 0
1803 1 0 0 1 0 0 0 0 0
1804 2 0 0 2 0 0 0 0 0
fn=ctr_string_concat
1881 10 1 1 0 0 0 6 0 0
1882 6 0 0 0 0 0 4 0 0
1887 10 0 0 4 0 0 4 0 0
1888 8 1 1 6 0 0 2 0 0
1889 8 0 0 6 1 0 2 0 0
1890 12 0 0 4 0 0 4 0 0
1891 16 1 1 10 0 0 2 0 0
1892 20 0 0 12 0 0 2 0 0
1893 18 1 0 6 0 0 4 0 0
1894 6 0 0 2 0 0 2 0 0
1895 2 0 0 2 0 0 0 0 0
1896 4 0 0 4 0 0 0 0 0
fn=ctr_string_eval
3157 20 2 1 0 0 0 12 0 0
3163 8 2 1 4 0 0 4 0 0
3164 12 0 0 0 0 0 8 0 0
3165 20 0 0 4 0 0 4 0 0
3166 24 2 1 4 0 0 4 0 0
3168 12 0 0 0 0 0 8 0 0
3169 12 0 0 8 0 0 4 0 0
3170 32 0 0 4 0 0 12 0 0
3171 20 4 1 4 0 0 8 0 0
3172 24 0 0 8 0 0 8 0 0
3173 16 0 0 12 0 0 4 0 0
3174 32 1 1 16 0 0 8 0 0
3175 12 0 0 4 0 0 4 0 0
3176 16 0 0 4 0 0 8 0 0
3177 12 1 1 4 0 0 4 0 0
3178 8 0 0 4 0 0 0 0 0
3179 12 0 0 4 0 0 4 0 0
3180 8 0 0 4 0 0 4 0 0
3181 4 0 0 4 0 0 0 0 0
3182 8 3 1 8 0 0 0 0 0
fn=ctr_string_to_string
2357 12 3 1 0 0 0 9 0 0
2358 3 0 0 3 0 0 0 0 0
2359 6 0 0 6 0 0 0 0 0
fl=/home/ali/Documents/ProjectCitron/citron/citron.c
fn=ctr_cli_read_args
31 5 1 1 0 0 0 3 0 0
32 2 0 0 1 0 0 0 0 0
36 3 1 1 0 0 0 2 1 0
37 8 0 0 3 2 0 1 0 0
38 3 0 0 2 0 0 0 0 0
fn=main
45 8 1 1 1 0 0 4 0 0
48 1 0 0 0 0 0 1 0 0
51 2 0 0 0 0 0 2 0 0
52 2 0 0 0 0 0 2 0 0
53 2 1 1 0 0 0 2 0 0
54 2 0 0 0 0 0 1 1 1
55 2 0 0 0 0 0 1 1 1
56 2 0 0 0 0 0 1 1 1
58 1 0 0 0 0 0 1 1 1
59 2 0 0 1 0 0 1 0 0
60 2 1 1 1 0 0 1 1 1
61 1 0 0 0 0 0 1 0 0
62 1 0 0 0 0 0 1 1 1
63 1 0 0 0 0 0 1 1 1
64 1 0 0 0 0 0 1 1 1
65 1 0 0 0 0 0 1 0 0
66 1 0 0 0 0 0 1 0 0
67 1 1 1 0 0 0 1 0 0
68 5 0 0 2 0 0 1 0 0
69 1 0 0 0 0 0 1 1 0
70 2 0 0 0 0 0 1 1 0
71 2 1 1 0 0 0 1 0 0
72 2 0 0 0 0 0 1 1 0
73 2 0 0 0 0 0 1 0 0
74 4 0 0 1 0 0 2 1 1
75 4 1 1 1 0 0 2 1 0
76 4 0 0 1 0 0 2 0 0
77 3 0 0 1 0 0 0 0 0
78 6 1 1 1 0 0 2 1 0
79 6 0 0 2 0 0 2 0 0
81 2 0 0 0 0 0 1 0 0
82 3 1 0 1 1 0 1 0 0
84 2 1 0 0 0 0 1 0 0
85 3 1 1 1 1 0 1 0 0
86 2 0 0 0 0 0 1 0 0
92 2 0 0 0 0 0 1 0 0
fl=/home/ali/Documents/ProjectCitron/citron/collections.c
fn=ctr_array_contains
422 5 1 1 0 0 0 3 0 0
425 3 1 1 2 0 0 1 0 0
426 12 1 1 7 0 0 1 0 0
427 9 0 0 5 0 0 1 0 0
428 8 0 0 2 0 0 1 0 0
429 3 0 0 0 0 0 1 0 0
432 2 0 0 2 0 0 0 0 0
fn=ctr_array_count
539 20 1 1 0 0 0 12 0 0
540 8 0 0 0 0 0 4 0 0
541 64 2 2 24 1 0 4 0 0
542 12 0 0 4 0 0 4 0 0
543 8 0 0 8 0 0 0 0 0
fn=ctr_array_get
381 115 7 2 0 0 0 69 0 0
382 69 0 0 46 0 0 23 0 0
384 115 0 0 46 0 0 0 0 0
389 92 4 1 46 0 0 23 0 0
390 46 0 0 23 0 0 0 0 0
391 299 1 1 184 0 0 0 0 0
396 276 1 1 184 0 0 0 0 0
397 46 0 0 46 0 0 0 0 0
fn=ctr_array_new
32 42 2 1 0 0 0 28 0 0
33 21 0 0 0 0 0 14 0 0
34 21 0 0 14 0 0 7 0 0
35 35 2 1 7 0 0 14 0 0
36 35 0 0 21 0 0 7 0 0
37 21 0 0 14 0 0 7 0 0
38 35 0 0 14 0 0 14 0 0
39 21 5 1 14 0 0 7 0 0
40 21 0 0 14 0 0 7 0 0
41 7 0 0 7 0 0 0 0 0
42 28 0 0 21 0 0 0 0 0
fn=ctr_array_push
64 66 3 1 0 0 0 44 0 0
65 66 0 0 33 0 0 0 0 0
70 99 3 1 66 0 0 0 0 0
71 54 2 1 30 0 0 6 0 0
72 60 0 0 30 0 0 12 0 0
73 18 0 0 18 0 0 0 0 0
76 33 3 1 22 0 0 11 0 0
77 110 0 0 77 0 0 11 0 0
78 55 1 1 33 0 0 11 0 0
79 11 0 0 11 0 0 0 0 0
80 44 0 0 33 0 0 0 0 0
fn=ctr_array_push_imm
81 72 0 0 0 0 0 48 0 0
83 108 0 0 72 0 0 0 0 0
84 54 1 1 30 0 0 6 0 0
85 60 2 1 30 0 0 12 0 0
86 18 0 0 18 0 0 0 0 0
89 36 0 0 24 0 0 12 0 0
90 120 4 1 84 0 0 12 0 0
91 60 0 0 36 0 0 12 0 0
92 12 0 0 12 0 0 0 0 0
93 48 0 0 36 0 0 0 0 0
fn=ctr_array_put
452 60 1 1 0 0 0 36 0 0
453 72 0 0 36 0 0 0 0 0
457 36 2 1 24 0 0 12 0 0
458 72 0 0 36 0 0 24 0 0
463 60 0 0 24 0 0 0 0 0
469 48 2 1 36 0 0 12 0 0
470 48 2 1 36 0 0 12 0 0
471 108 4 1 48 1 1 24 0 0
472 36 0 0 24 0 0 0 0 0
473 48 0 0 24 0 0 0 0 0
478 80 4 2 48 0 0 8 0 0
480 24 0 0 0 0 0 16 0 0
481 24 0 0 16 0 0 8 0 0
482 40 0 0 16 0 0 8 0 0
483 24 0 0 8 0 0 8 0 0
485 40 0 0 24 0 0 8 0 0
487 36 0 0 24 0 0 0 0 0
494 96 5 1 60 0 0 12 0 0
495 12 0 0 12 0 0 0 0 0
496 24 0 0 24 0 0 0 0 0
fn=ctr_map_assign
1302 5 2 2 0 0 0 3 0 0
1303 3 0 0 2 0 0 1 0 0
1304 7 1 0 2 0 0 1 0 0
1308 4 1 1 3 3 0 1 0 0
1309 3 0 0 0 0 0 2 0 0
1310 7 2 2 3 0 0 0 0 0
1311 8 0 0 6 2 0 0 0 0
1316 24 1 1 10 0 0 5 0 0
1317 4 0 0 3 0 0 1 0 0
1318 8 0 0 3 0 0 1 0 0
1319 3 0 0 2 0 0 1 0 0
1321 3 0 0 1 0 0 1 0 0
1322 1 0 0 1 0 0 0 0 0
1323 2 0 0 2 0 0 0 0 0
fn=ctr_map_kvlist
1126 12 1 0 0 0 0 8 0 0
1127 6 0 0 4 0 0 2 0 0
1129 10 0 0 4 0 0 0 0 0
1134 8 2 1 4 0 0 2 0 0
1135 8 0 0 6 0 0 2 0 0
1136 6 2 1 0 0 0 4 0 0
1137 10 0 0 2 0 0 4 0 0
1138 6 0 0 0 0 0 4 0 0
1139 10 0 0 2 0 0 4 0 0
1140 10 1 1 2 0 0 4 0 0
1141 12 1 1 5 0 0 0 0 0
1142 12 0 0 9 1 0 3 0 0
1143 15 0 0 6 0 0 6 0 0
1144 15 2 1 6 0 0 3 0 0
1146 12 0 0 9 0 0 3 0 0
1147 18 0 0 9 0 0 6 0 0
1148 15 1 1 6 0 0 3 0 0
1150 9 0 0 6 0 0 3 0 0
1151 27 0 0 9 0 0 6 0 0
1152 18 2 1 9 0 0 0 0 0
1156 12 0 0 9 0 0 0 0 0
1164 15 2 1 6 0 0 3 0 0
1165 9 0 0 6 0 0 3 0 0
1167 8 0 0 4 0 0 2 0 0
1168 8 0 0 4 0 0 2 0 0
1169 6 0 0 2 0 0 2 0 0
1170 6 1 1 2 0 0 2 0 0
1171 8 0 0 4 0 0 2 0 0
1172 8 0 0 4 0 0 2 0 0
1173 2 0 0 2 0 0 0 0 0
1174 8 0 0 6 0 0 0 0 0
fn=ctr_map_kvmap
1067 12 1 1 0 0 0 8 0 0
1068 6 1 1 4 0 0 2 0 0
1070 10 0 0 4 0 0 0 0 0
1075 8 2 1 4 0 0 2 0 0
1076 8 0 0 6 0 0 2 0 0
1077 6 0 0 0 0 0 4 0 0
1078 10 2 1 2 0 0 4 0 0
1079 6 0 0 0 0 0 4 0 0
1080 10 0 0 2 0 0 4 0 0
1081 10 0 0 2 0 0 4 0 0
1082 12 2 2 5 0 0 0 0 0
1083 12 0 0 9 2 0 3 0 0
1084 15 0 0 6 0 0 6 0 0
1085 15 0 0 6 0 0 3 0 0
1087 12 2 1 9 0 0 3 0 0
1088 18 0 0 9 0 0 6 0 0
1089 15 0 0 6 0 0 3 0 0
1091 9 1 1 6 0 0 3 0 0
1092 27 0 0 9 0 0 6 1 0
1093 18 0 0 9 0 0 0 0 0
1097 12 2 1 9 0 0 0 0 0
1101 9 2 1 6 0 0 3 0 0
1102 18 0 0 6 0 0 6 0 0
1103 24 2 1 9 0 0 6 0 0
1104 15 0 0 3 0 0 6 0 0
1105 24 0 0 12 0 0 6 0 0
1107 15 0 0 6 0 0 3 0 0
1108 9 0 0 6 0 0 3 0 0
1110 8 0 0 4 0 0 2 0 0
1111 8 2 1 4 0 0 2 0 0
1112 6 0 0 2 0 0 2 0 0
1113 6 0 0 2 0 0 2 0 0
1114 8 0 0 4 0 0 2 0 0
1115 8 0 0 4 0 0 2 0 0
1116 2 0 0 2 0 0 0 0 0
1117 8 1 1 6 0 0 0 0 0
fn=ctr_map_new
923 10 1 1 0 0 0 6 0 0
924 6 0 0 0 0 0 4 0 0
925 6 0 0 4 0 0 2 0 0
926 2 0 0 2 0 0 0 0 0
927 4 0 0 4 0 0 0 0 0
fn=ctr_map_put
949 15 1 1 0 0 0 9 0 0
953 9 0 0 6 0 0 3 0 0
954 9 0 0 6 0 0 3 0 0
955 9 1 1 0 0 0 6 0 0
956 6 0 0 3 0 0 3 0 0
957 6 0 0 3 0 0 3 0 0
959 27 2 1 9 0 0 6 0 0
962 15 0 0 6 0 0 0 0 0
966 18 0 0 9 3 0 6 0 0
967 12 1 1 9 0 0 3 0 0
968 24 0 0 15 0 0 3 0 0
969 33 2 1 9 0 0 6 0 0
970 33 2 1 12 0 0 6 0 0
971 9 0 0 3 0 0 3 0 0
972 9 0 0 3 0 0 3 0 0
973 3 0 0 3 0 0 0 0 0
974 6 0 0 6 0 0 0 0 0
fl=/home/ali/Documents/ProjectCitron/citron/fiber.c
fn=ctr_fiber_begin_init
245 4 1 1 0 0 0 2 0 0
246 2 1 1 0 0 0 1 0 0
248 3 0 0 0 0 0 2 0 0
249 8 0 0 1 0 0 2 0 0
250 8 1 1 1 0 0 2 0 0
251 8 1 1 1 0 0 2 0 0
252 8 0 0 1 0 0 2 0 0
253 8 1 1 1 0 0 2 0 0
254 8 1 1 1 0 0 2 0 0
255 8 0 0 1 0 0 2 0 0
256 12 1 1 2 0 0 3 0 0
257 4 0 0 2 0 0 1 0 0
259 9 1 1 2 0 0 2 0 0
260 5 0 0 3 0 0 0 0 0
fn=initFibers
81 2 1 1 0 0 0 1 0 0
83 34 1 1 21 0 0 1 0 0
85 50 0 0 10 0 0 10 10 10
88 1 0 0 0 0 0 0 0 0
89 2 0 0 2 0 0 0 0 0
fl=/home/ali/Documents/ProjectCitron/citron/lexer.c
fn=check_next_line_empty
196 78 0 0 13 0 0 26 0 0
197 52 0 0 26 0 0 0 0 0
199 91 1 1 26 0 0 0 0 0
210 65 1 1 52 0 0 0 0 0
fn=ctr_clex_is_delimiter
60 8 1 1 0 0 0 4 0 0
64 4 0 0 2 0 0 0 0 0
65 4 0 0 2 0 0 0 0 0
66 4 0 0 2 0 0 0 0 0
68 8 0 0 2 0 0 0 0 0
69 4 0 0 4 0 0 0 0 0
fn=ctr_clex_load
88 20 7 2 0 0 0 10 0 0
89 10 0 0 5 0 0 5 4 1
90 25 0 0 5 4 0 10 0 0
91 10 0 0 5 0 0 5 0 0
92 20 3 1 10 0 0 5 0 0
93 5 0 0 0 0 0 5 0 0
94 15 0 0 10 0 0 0 0 0
fn=ctr_clex_putback
186 376 5 1 0 0 0 188 0 0
187 564 0 0 188 0 0 0 0 0
188 27 0 0 9 0 0 9 0 0
189 9 0 0 0 0 0 0 0 0
191 358 0 0 179 0 0 179 0 0
192 358 0 0 179 0 0 179 0 0
193 358 5 1 179 0 0 179 0 0
194 376 0 0 376 0 0 0 0 0
fn=ctr_clex_readstr
442 12 0 0 0 0 0 4 0 0
445 4 0 0 0 0 0 4 0 0
448 4 0 0 0 0 0 4 0 0
451 12 1 1 4 0 0 0 0 0
452 3 0 0 1 0 0 1 0 0
453 1 0 0 0 0 0 1 0 0
456 4 0 0 0 0 0 4 0 0
457 16 0 0 4 0 0 8 0 0
458 12 1 1 0 0 0 8 0 0
459 12 0 0 8 0 0 4 0 0
460 4 0 0 0 0 0 4 0 0
461 8 0 0 4 0 0 4 0 0
462 20 0 0 0 0 0 0 0 0
464 24 2 2 16 0 0 0 0 0
466 6 0 0 3 0 0 0 0 0
470 6 0 0 0 0 0 0 0 0
472 3 0 0 3 0 0 0 0 0
485 10 0 0 0 0 0 0 0 0
486 15 1 1 10 0 0 0 0 0
487 10 0 0 5 0 0 0 0 0
488 2 0 0 0 0 0 0 0 0
489 5 1 1 2 0 0 0 0 0
490 3 0 0 2 0 0 0 0 0
492 1 0 0 0 0 0 1 0 0
493 179 2 2 72 0 0 5 0 0
494 15 1 1 5 0 0 1 0 0
495 5 1 1 1 0 0 2 0 0
496 3 0 0 1 0 0 1 1 0
497 9 0 0 3 0 0 1 0 0
498 1 0 0 0 0 0 1 0 0
499 5 0 0 2 0 0 1 0 0
500 1 0 0 0 0 0 0 0 0
504 8 1 1 4 0 0 0 0 0
506 8 0 0 4 0 0 0 0 0
532 8 1 1 4 0 0 0 0 0
538 12 1 1 4 0 0 4 0 0
539 16 0 0 8 0 0 0 0 0
540 4 0 0 4 0 0 0 0 0
541 12 1 1 4 0 0 4 0 0
542 4 0 0 2 0 0 0 0 0
546 10 0 0 4 0 0 2 0 0
548 4 0 0 0 0 0 4 0 0
549 12 0 0 8 0 0 4 0 0
550 4 0 0 4 0 0 0 0 0
551 12 0 0 4 0 0 4 0 0
552 12 0 0 8 0 0 4 0 0
554 12 1 1 4 0 0 0 0 0
561 4 1 1 0 0 0 4 0 0
562 4 1 1 0 0 0 4 0 0
563 4 0 0 4 0 0 0 0 0
564 8 0 0 8 0 0 0 0 0
fn=ctr_clex_tok
252 1032 3 1 0 0 0 344 0 0
255 344 0 0 0 0 0 344 4 1
256 688 0 0 344 0 0 344 0 0
257 688 2 1 344 0 0 344 0 0
258 688 0 0 344 0 0 344 0 0
259 344 0 0 0 0 0 344 0 0
260 344 0 0 0 0 0 344 0 0
261 344 0 0 0 0 0 344 0 0
265 3784 2 1 688 2 1 0 0 0
267 1 0 0 0 0 0 1 0 0
268 1 0 0 0 0 0 0 0 0
271 45 1 1 9 0 0 9 0 0
272 9 0 0 0 0 0 9 0 0
273 9 0 0 0 0 0 9 0 0
274 9 0 0 0 0 0 0 0 0
276 14 0 0 6 0 0 2 0 0
277 6 0 0 2 0 0 2 0 0
278 2 0 0 0 0 0 2 0 0
279 2 0 0 0 0 0 0 0 0
281 4 0 0 2 0 0 2 0 0
282 2 0 0 0 0 0 2 0 0
283 2 0 0 0 0 0 0 0 0
286 1032 2 1 344 0 0 0 0 0
287 42 0 0 14 0 0 14 0 0
288 28 0 0 14 0 0 0 0 0
292 990 2 1 330 0 0 0 0 0
296 1424 0 0 686 0 0 13 0 0
301 990 4 2 660 0 0 330 0 0
302 8776 4 2 3205 14 4 509 0 0
303 388 0 0 194 0 0 0 0 0
304 16 0 0 0 0 0 16 0 0
305 16 0 0 0 0 0 16 0 0
306 48 0 0 16 0 0 16 0 0
308 388 0 0 194 0 0 0 0 0
312 388 0 0 194 0 0 0 0 0
313 582 0 0 194 0 0 194 0 0
314 582 0 0 388 0 0 194 0 0
316 1350 0 0 660 0 0 0 0 0
317 750 0 0 339 0 0 24 0 0
318 762 2 1 327 0 0 36 0 0
319 550 0 0 263 0 0 8 0 0
320 534 2 1 255 0 0 8 0 0
321 553 1 1 254 0 0 15 0 0
322 483 4 0 231 0 0 7 0 0
323 604 0 0 251 0 0 34 0 0
324 426 2 1 195 0 0 12 0 0
325 1012 4 2 462 0 0 8 0 0
326 24 0 0 8 0 0 8 0 0
327 16 0 0 0 0 0 0 0 0
329 406 2 1 179 0 0 16 0 0
330 394 4 1 167 0 0 20 0 0
332 635 0 0 254 0 0 0 0 0
333 254 3 1 127 0 0 0 0 0
339 299 3 1 136 0 0 9 0 0
340 1416 9 2 472 0 0 118 0 0
341 144 0 0 64 0 0 32 0 0
342 16 3 1 16 0 0 0 0 0
343 48 0 0 16 0 0 16 0 0
344 48 0 0 32 0 0 16 0 0
345 176 8 2 48 0 0 16 0 0
351 32 0 0 16 0 0 0 0 0
354 32 2 1 16 0 0 0 0 0
360 160 0 0 48 0 0 16 0 0
366 32 0 0 0 0 0 0 0 0
368 714 7 2 102 0 0 102 0 0
374 714 4 1 102 0 0 102 0 0
380 714 4 1 102 0 0 102 0 0
381 16 0 0 4 0 0 2 0 0
382 6 0 0 2 0 0 2 0 0
383 4 0 0 0 0 0 0 0 0
388 700 7 2 100 0 0 100 0 0
397 900 8 2 300 0 0 0 0 0
404 768 0 0 0 0 0 0 0 0
405 3686 3 1 1459 0 0 384 0 0
406 614 3 1 307 0 0 0 0 0
407 614 0 0 307 0 0 0 0 0
408 614 0 0 307 0 0 0 0 0
409 614 0 0 307 0 0 0 0 0
410 614 0 0 307 0 0 0 0 0
411 614 0 0 307 0 0 0 0 0
412 614 0 0 307 0 0 0 0 0
413 604 0 0 302 0 0 0 0 0
414 604 0 0 302 0 0 0 0 0
415 604 0 0 0 0 0 0 0 0
417 906 3 1 604 0 0 0 0 0
418 604 0 0 302 0 0 0 0 0
420 604 0 0 302 0 0 0 0 0
421 568 0 0 284 0 0 0 0 0
423 1136 0 0 568 0 0 0 0 0
425 2556 4 2 1136 0 0 568 0 0
426 284 0 0 284 0 0 0 0 0
427 852 0 0 568 0 0 0 0 0
430 852 0 0 284 0 0 284 0 0
431 852 0 0 568 0 0 284 0 0
433 100 0 0 0 0 0 0 0 0
434 688 2 1 688 0 0 0 0 0
fn=ctr_clex_tok_value
102 108 0 0 0 0 0 54 0 0
103 54 0 0 54 0 0 0 0 0
104 108 0 0 108 0 0 0 0 0
fn=ctr_clex_tok_value_length
177 116 3 1 0 0 0 58 0 0
178 58 0 0 58 0 0 0 0 0
179 116 0 0 116 0 0 0 0 0
fl=/home/ali/Documents/ProjectCitron/citron/memory.c
fn=ctr_heap_allocate
49 19076 1 1 0 0 0 9538 1 1
53 4769 0 0 0 0 0 4769 0 0
54 14307 0 0 9538 0 0 0 0 0
57 19076 0 0 9538 1 0 4769 0 0
59 19076 1 1 9538 1 0 0 0 0
65 23845 1 1 4769 0 0 9538 1 0
67 9538 0 0 4769 0 0 0 0 0
73 9538 0 0 4769 0 0 4769 0 0
74 14307 1 1 9538 0 0 4769 0 0
76 14307 0 0 9538 0 0 0 0 0
78 4769 0 0 4769 0 0 0 0 0
79 9538 0 0 9538 1 0 0 0 0
fn=ctr_heap_allocate_tracked
123 1964 2 1 0 0 0 982 0 0
125 1964 0 0 491 0 0 982 0 0
126 1964 2 1 982 3 0 0 0 0
127 150 0 0 50 0 0 0 0 0
128 3 0 0 0 0 0 2 0 0
129 2 0 0 0 0 0 1 0 0
131 147 0 0 49 0 0 49 0 0
132 392 1 0 98 0 0 98 0 0
135 2946 5 2 1473 0 0 491 75 74
136 2946 0 0 1473 0 0 491 0 0
137 1473 0 0 491 0 0 491 0 0
138 491 0 0 491 0 0 0 0 0
139 982 0 0 982 0 0 0 0 0
fn=ctr_heap_free
183 19076 2 1 0 0 0 9538 0 0
186 4769 0 0 0 0 0 4769 0 0
190 19076 0 0 9538 0 0 0 0 0
191 9538 0 0 4769 0 0 4769 0 0
192 14307 2 1 9538 163 0 4769 0 0
194 14307 0 0 4769 0 0 4769 0 0
195 14307 0 0 9538 0 0 4769 0 0
196 14307 0 0 9538 0 0 0 0 0
fn=ctr_heap_free_rest
164 3 1 1 0 0 0 1 0 0
166 1969 0 0 1475 1 0 1 0 0
167 3437 0 0 1473 123 0 491 0 0
169 3 0 0 1 0 0 1 0 0
170 3 0 0 2 0 0 0 0 0
fn=ctr_heap_get_latest_tracking_id
157 8 1 1 0 0 0 4 0 0
158 8 0 0 4 0 0 0 0 0
159 8 0 0 8 0 0 0 0 0
fn=ctr_heap_reallocate
219 315 1 1 0 0 0 189 0 0
226 63 0 0 0 0 0 63 0 0
227 189 0 0 126 0 0 0 0 0
229 252 0 0 126 0 0 0 0 0
231 126 0 0 63 0 0 63 0 0
232 189 0 0 126 2 0 63 0 0
235 378 2 1 189 0 0 63 0 0
237 378 0 0 126 0 0 126 0 0
240 126 0 0 63 0 0 63 0 0
241 189 2 1 126 0 0 63 0 0
243 189 0 0 126 0 0 0 0 0
245 63 0 0 63 0 0 0 0 0
246 126 0 0 126 0 0 0 0 0
fn=ctr_heap_reallocate_tracked
145 10 1 1 0 0 0 6 0 0
147 12 0 0 6 0 0 2 0 0
148 12 0 0 4 0 0 4 0 0
149 12 0 0 6 0 0 2 0 0
150 12 0 0 6 0 0 2 0 0
151 2 0 0 2 0 0 0 0 0
152 4 0 0 4 0 0 0 0 0
fl=/home/ali/Documents/ProjectCitron/citron/parser.c
fn=ctr_cparse_assignment
526 16 1 1 0 0 0 8 0 0
530 8 0 0 0 0 0 4 0 0
531 12 0 0 0 0 0 8 0 0
532 12 0 0 0 0 0 8 0 0
533 12 0 0 0 0 0 8 0 0
534 8 1 1 4 0 0 4 0 0
535 12 0 0 8 0 0 4 0 0
536 12 0 0 8 0 0 4 0 0
537 20 0 0 4 0 0 8 0 0
538 12 0 0 8 0 0 4 0 0
539 4 0 0 4 0 0 0 0 0
540 8 0 0 8 0 0 0 0 0
fn=ctr_cparse_block
272 28 4 1 0 0 0 14 0 0
282 14 0 0 0 0 0 7 0 0
283 21 0 0 0 0 0 14 0 0
284 14 0 0 7 0 0 7 0 0
285 21 5 1 0 0 0 14 0 0
286 21 0 0 14 0 0 7 0 0
287 21 0 0 0 0 0 14 0 0
288 28 0 0 21 0 0 7 0 0
289 21 0 0 0 0 0 14 0 0
290 21 3 1 0 0 0 14 0 0
291 21 0 0 14 0 0 7 0 0
292 21 0 0 14 0 0 7 0 0
293 14 0 0 7 0 0 7 0 0
294 14 0 0 7 0 0 7 0 0
295 21 0 0 0 0 0 14 0 0
296 7 4 1 0 0 0 7 0 0
297 29 2 1 11 0 0 0 0 0
299 12 0 0 0 0 0 8 0 0
300 12 0 0 0 0 0 8 0 0
301 12 0 0 0 0 0 8 0 0
302 12 0 0 0 0 0 8 0 0
303 24 4 1 8 0 0 8 0 0
304 40 0 0 12 0 0 8 0 0
305 12 4 1 8 0 0 4 0 0
306 12 0 0 8 0 0 4 0 0
307 8 0 0 4 0 0 0 0 0
308 12 0 0 8 0 0 4 0 0
309 8 0 0 4 0 0 4 0 0
310 8 0 0 0 0 0 4 0 0
315 12 0 0 0 0 0 8 0 0
317 7 0 0 0 0 0 7 0 0
318 61 5 1 27 0 0 0 0 0
321 34 0 0 17 0 0 0 0 0
322 14 0 0 0 0 0 7 0 0
324 51 4 1 0 0 0 34 0 0
325 41 0 0 17 0 0 0 0 0
326 20 0 0 0 0 0 10 0 0
327 30 0 0 0 0 0 20 0 0
328 30 0 0 0 0 0 20 0 0
329 20 0 0 10 0 0 0 0 0
330 16 3 0 0 0 0 8 0 0
332 18 1 1 0 0 0 12 0 0
334 30 0 0 20 0 0 10 0 0
335 20 0 0 10 0 0 0 0 0
336 21 0 0 14 0 0 7 0 0
337 14 2 1 7 0 0 7 0 0
338 14 0 0 0 0 0 7 0 0
340 9 0 0 6 0 0 3 0 0
341 6 0 0 3 0 0 3 0 0
343 30 0 0 0 0 0 20 0 0
344 20 0 0 10 0 0 0 0 0
348 7 0 0 7 0 0 0 0 0
349 28 0 0 21 1 0 0 0 0
fn=ctr_cparse_create_node
37 592 3 2 0 0 0 296 0 0
38 444 0 0 0 0 0 296 0 0
39 444 0 0 148 0 0 0 0 0
40 444 0 0 0 0 0 296 0 0
41 592 0 0 296 0 0 148 0 0
42 444 2 1 296 0 0 148 0 0
43 444 0 0 148 0 0 0 0 0
44 441 0 0 294 0 0 147 0 0
45 441 0 0 147 0 0 147 0 0
47 2 0 0 1 0 0 1 0 0
50 148 0 0 148 0 0 0 0 0
51 296 0 0 296 0 0 0 0 0
fn=ctr_cparse_expr
547 212 5 1 0 0 0 106 0 0
553 159 0 0 0 0 0 106 0 0
554 159 0 0 0 0 0 106 0 0
555 106 0 0 0 0 0 53 0 0
558 106 0 0 53 0 0 0 0 0
562 106 2 1 53 0 0 0 0 0
563 16 0 0 8 0 0 0 0 0
567 20 1 1 4 0 0 8 0 0
568 98 1 0 49 0 0 0 0 0
569 72 0 0 36 0 0 0 0 0
570 52 0 0 26 0 0 0 0 0
571 42 0 0 21 0 0 0 0 0
573 51 2 1 0 0 0 34 0 0
574 34 0 0 17 0 0 17 0 0
575 153 0 0 51 0 0 34 1 0
576 34 0 0 17 0 0 0 0 0
577 2 0 0 0 0 0 1 0 0
578 2 0 0 0 0 0 1 0 0
579 2 0 0 1 0 0 0 0 0
581 48 0 0 0 0 0 32 0 0
582 48 0 0 32 0 0 16 0 0
583 48 0 0 32 0 0 16 0 0
584 64 0 0 32 0 0 16 0 0
586 64 1 1 32 0 0 0 0 0
588 20 0 0 20 0 0 0 0 0
589 106 0 0 106 0 0 0 0 0
fn=ctr_cparse_fin
613 30 1 1 0 0 0 10 0 0
615 20 0 0 0 0 0 10 0 0
616 30 0 0 0 0 0 20 0 0
617 20 0 0 10 0 0 10 0 0
618 10 0 0 10 0 0 0 0 0
619 20 0 0 20 0 0 0 0 0
fn=ctr_cparse_message
62 95 4 1 0 0 0 57 0 0
74 57 0 0 0 0 0 38 0 0
75 57 0 0 0 0 0 38 0 0
76 38 0 0 19 0 0 0 0 0
79 57 3 1 0 0 0 38 0 0
80 38 0 0 19 0 0 19 0 0
81 57 0 0 0 0 0 38 0 0
82 57 0 0 0 0 0 38 0 0
83 114 4 1 57 0 0 19 0 0
84 114 0 0 38 0 0 38 0 0
85 76 0 0 19 0 0 19 0 0
86 40 0 0 20 0 0 0 0 0
87 2 0 0 0 0 0 1 0 0
88 2 0 0 1 0 0 0 0 0
90 36 3 1 18 0 0 0 0 0
91 20 0 0 10 0 0 10 0 0
92 30 0 0 20 0 0 10 0 0
93 30 0 0 20 0 0 10 0 0
94 30 0 0 0 0 0 20 0 0
95 50 3 0 10 0 0 20 0 0
96 30 0 0 20 0 0 10 0 0
97 20 0 0 10 0 0 0 0 0
99 40 1 1 0 0 0 24 0 0
100 16 2 1 8 0 0 0 0 0
101 12 0 0 6 0 0 0 0 0
105 24 0 0 12 0 0 6 0 0
106 6 0 0 6 0 0 0 0 0
107 12 0 0 6 0 0 0 0 0
110 12 2 1 6 0 0 6 0 0
111 18 0 0 0 0 0 12 0 0
112 6 0 0 0 0 0 6 0 0
114 18 0 0 0 0 0 12 0 0
115 30 3 1 6 0 0 12 0 0
116 12 0 0 6 0 0 0 0 0
117 18 0 0 12 0 0 6 0 0
118 18 0 0 12 0 0 6 0 0
119 12 0 0 0 0 0 6 0 0
124 18 1 1 0 0 0 12 0 0
125 14 0 0 6 0 0 0 0 0
126 10 0 0 5 0 0 0 0 0
127 12 0 0 5 0 0 0 0 0
128 12 2 1 4 0 0 0 0 0
144 12 0 0 0 0 0 6 0 0
145 18 0 0 12 0 0 6 0 0
146 24 0 0 12 0 0 6 0 0
148 4 0 0 2 0 0 2 0 0
149 6 0 0 4 0 0 2 0 0
150 6 0 0 4 0 0 2 0 0
152 8 0 0 8 0 0 0 0 0
153 76 0 0 57 0 0 0 0 0
fn=ctr_cparse_messages
161 85 7 2 0 0 0 51 0 0
162 51 0 0 0 0 0 34 0 0
166 17 0 0 0 0 0 17 0 0
169 133 3 1 58 0 0 0 0 0
170 38 0 0 19 0 0 0 0 0
171 3 0 0 0 0 0 2 0 0
172 2 0 0 1 0 0 0 0 0
176 57 4 1 0 0 0 38 0 0
177 38 0 0 0 0 0 19 0 0
178 76 0 0 19 0 0 38 0 0
179 76 2 1 38 0 0 0 0 0
180 2 0 0 1 0 0 0 0 0
181 2 0 0 0 0 0 0 0 0
186 54 0 0 36 0 0 18 0 0
187 36 0 0 18 0 0 0 0 0
188 16 0 0 0 0 0 16 0 0
189 32 0 0 16 0 0 16 0 0
190 48 0 0 16 0 0 16 0 0
192 6 0 0 4 0 0 2 0 0
193 4 0 0 2 0 0 2 0 0
195 54 0 0 0 0 0 36 0 0
197 32 1 1 0 0 0 16 0 0
198 16 0 0 16 0 0 0 0 0
199 34 0 0 34 0 0 0 0 0
fn=ctr_cparse_nil
476 3 1 1 0 0 0 1 0 0
478 2 0 0 0 0 0 1 0 0
479 3 0 0 0 0 0 2 0 0
480 2 0 0 1 0 0 1 0 0
481 3 0 0 1 0 0 1 0 0
482 2 0 0 1 0 0 1 0 0
483 1 0 0 1 0 0 0 0 0
484 2 0 0 2 0 0 0 0 0
fn=ctr_cparse_number
424 24 4 0 0 0 0 8 0 0
428 16 0 0 0 0 0 8 0 0
429 24 0 0 0 0 0 16 0 0
430 16 0 0 8 0 0 8 0 0
431 24 1 1 0 0 0 16 0 0
432 24 0 0 0 0 0 16 0 0
433 48 0 0 16 0 0 16 0 0
434 56 1 1 32 0 0 8 0 0
435 24 0 0 16 0 0 8 0 0
436 8 0 0 8 0 0 0 0 0
437 16 0 0 16 0 0 0 0 0
fn=ctr_cparse_parse
678 25 2 1 0 0 0 15 0 0
680 15 0 0 5 0 0 5 0 0
681 10 2 1 5 0 0 5 0 0
682 15 0 0 0 0 0 10 1 0
683 15 0 0 10 0 0 5 0 0
684 30 0 0 10 0 0 10 0 0
685 10 0 0 5 0 0 5 0 0
686 5 2 1 5 0 0 0 0 0
687 10 0 0 10 0 0 0 0 0
fn=ctr_cparse_popen
250 30 5 1 0 0 0 10 0 0
254 20 0 0 0 0 0 10 0 0
255 30 0 0 0 0 0 20 0 0
256 20 0 0 10 0 0 10 0 0
257 30 2 1 0 0 0 20 0 0
258 30 0 0 20 0 0 10 0 0
259 50 0 0 10 0 0 20 0 0
260 30 0 0 0 0 0 20 0 0
261 20 0 0 10 0 0 0 0 0
264 10 0 0 10 0 0 0 0 0
265 20 0 0 20 0 0 0 0 0
fn=ctr_cparse_program
652 15 2 1 0 0 0 5 0 0
653 15 0 0 0 0 0 10 0 0
655 5 0 0 0 0 0 5 0 0
656 5 0 0 0 0 0 0 0 0
657 30 0 0 0 0 0 20 0 0
658 20 0 0 10 0 0 0 0 0
659 5 4 1 0 0 0 5 0 0
660 20 0 0 10 0 0 5 0 0
662 15 0 0 10 0 0 5 0 0
664 90 0 0 50 0 0 0 0 0
665 25 0 0 5 0 0 10 0 0
666 5 0 0 0 0 0 0 0 0
668 10 0 0 5 0 0 5 0 0
670 5 0 0 5 0 0 0 0 0
671 10 0 0 10 0 0 0 0 0
fn=ctr_cparse_receiver
491 159 5 1 0 0 0 53 0 0
493 159 3 1 0 0 0 106 0 0
494 106 0 0 0 0 0 53 0 0
495 530 0 0 159 9 2 0 0 0
497 3 0 0 0 0 0 1 0 0
503 24 0 0 0 0 0 8 0 0
505 12 0 0 0 0 0 4 0 0
507 57 5 1 0 0 0 19 0 0
509 21 4 1 0 0 0 7 0 0
511 30 0 0 0 0 0 10 0 0
513 12 0 0 0 0 0 4 0 0
519 106 0 0 106 0 0 0 0 0
fn=ctr_cparse_ref
356 57 0 0 0 0 0 19 0 0
359 38 0 0 0 0 0 19 0 0
360 57 5 1 0 0 0 38 0 0
361 38 0 0 19 0 0 19 0 0
362 95 0 0 19 0 0 38 0 0
363 57 0 0 0 0 0 38 0 0
364 167 5 1 66 0 0 19 0 0
365 9 0 0 0 0 0 6 0 0
366 6 0 0 3 0 0 0 0 0
369 9 0 0 0 0 0 6 0 0
370 6 0 0 3 0 0 3 0 0
371 15 0 0 3 0 0 6 0 0
373 157 5 2 60 3 0 19 0 0
374 3 0 0 0 0 0 2 0 0
375 2 0 0 1 0 0 0 0 0
378 3 1 1 0 0 0 2 0 0
379 2 0 0 1 0 0 1 0 0
380 5 0 0 1 0 0 2 0 0
382 152 5 1 57 0 0 19 0 0
391 133 9 2 57 0 0 38 0 0
392 152 0 0 95 0 0 19 0 0
393 19 0 0 19 0 0 0 0 0
394 38 0 0 38 0 0 0 0 0
fn=ctr_cparse_ret
596 24 2 0 0 0 0 8 0 0
599 16 0 0 0 0 0 8 0 0
600 24 0 0 0 0 0 16 0 0
601 16 0 0 8 0 0 8 0 0
602 24 0 0 0 0 0 16 0 0
603 24 1 0 16 0 0 8 0 0
604 40 0 0 8 0 0 16 0 0
605 8 0 0 8 0 0 0 0 0
606 16 0 0 16 0 0 0 0 0
fn=ctr_cparse_statement
626 30 2 1 0 0 0 10 0 0
627 30 0 0 0 0 0 20 0 0
628 30 0 0 0 0 0 20 0 0
629 20 0 0 0 0 0 10 0 0
630 20 2 1 10 0 0 0 0 0
631 25 0 0 5 0 0 10 0 0
632 10 0 0 5 0 0 0 0 0
633 10 0 0 5 0 0 0 0 0
634 24 0 0 4 0 0 8 0 0
636 5 1 1 1 0 0 2 0 0
638 15 3 0 0 0 0 10 0 0
639 10 0 0 5 0 0 0 0 0
643 5 0 0 5 0 0 0 0 0
644 20 0 0 20 0 0 0 0 0
fn=ctr_cparse_string
401 12 1 1 0 0 0 4 0 0
405 8 0 0 0 0 0 4 0 0
406 12 0 0 0 0 0 8 0 0
407 8 0 0 4 0 0 4 0 0
408 12 0 0 0 0 0 8 0 0
409 12 0 0 0 0 0 8 0 0
410 24 1 1 8 0 0 8 0 0
411 28 0 0 16 0 0 4 0 0
412 12 0 0 8 0 0 4 0 0
413 8 1 1 0 0 0 4 0 0
414 4 0 0 4 0 0 0 0 0
415 8 0 0 8 0 0 0 0 0
fn=ctr_cparse_tuple
207 12 1 0 0 0 0 4 0 0
213 8 0 0 0 0 0 4 0 0
214 12 0 0 0 0 0 8 0 0
215 8 3 1 4 0 0 4 0 0
216 12 0 0 0 0 0 8 0 0
217 12 0 0 8 0 0 4 0 0
218 12 0 0 0 0 0 8 0 0
219 12 0 0 8 0 0 4 0 0
220 8 0 0 4 0 0 4 0 0
222 12 3 1 0 0 0 8 0 0
223 8 0 0 0 0 0 4 0 0
224 8 0 0 4 0 0 0 0 0
229 12 0 0 0 0 0 8 0 0
230 12 4 1 8 0 0 4 0 0
231 20 0 0 4 0 0 8 0 0
232 8 0 0 4 0 0 4 0 0
234 44 3 1 8 0 0 16 0 0
236 12 0 0 0 0 0 8 0 0
237 20 0 0 4 0 0 8 0 0
238 12 0 0 8 0 0 4 0 0
239 8 0 0 4 0 0 4 0 0
241 8 0 0 4 0 0 0 0 0
242 4 0 0 4 0 0 0 0 0
243 8 0 0 8 0 0 0 0 0
fl=/home/ali/Documents/ProjectCitron/citron/reflect.c
fn=ctr_reflect_check_bind_valid
381 5 2 2 0 0 0 3 0 0
382 3 0 0 0 0 0 2 0 0
383 3 0 0 2 0 0 1 0 0
384 6 1 0 2 0 0 2 1 0
385 3 1 1 2 0 0 1 0 0
386 6 1 0 2 0 0 2 1 0
387 13 2 1 4 1 0 1 0 0
400 3 1 1 1 1 0 1 0 0
401 1 0 0 1 0 0 0 0 0
402 2 0 0 2 0 0 0 0 0
fn=ctr_reflect_describe_type
306 25 3 1 0 0 0 15 0 0
307 15 0 0 10 0 0 5 0 0
308 15 2 1 10 3 0 5 0 0
309 10 0 0 5 0 0 5 0 0
310 15 0 0 0 0 0 10 0 0
312 70 4 1 15 2 1 0 0 0
320 12 0 0 3 0 0 6 0 0
321 9 0 0 6 0 0 3 0 0
322 18 0 0 6 0 0 6 0 0
324 3 0 0 0 0 0 0 0 0
327 12 3 1 0 0 0 6 0 0
331 6 0 0 4 0 0 2 0 0
332 12 1 1 4 0 0 4 0 0
333 2 0 0 0 0 0 0 0 0
354 15 1 1 5 0 0 5 0 0
355 5 1 1 5 0 0 0 0 0
356 10 0 0 10 0 0 0 0 0
fn=ctr_reflect_describe_value
357 10 0 0 0 0 0 6 0 0
358 6 0 0 4 0 0 2 0 0
359 6 0 0 4 0 0 2 0 0
360 4 0 0 2 0 0 2 0 0
361 6 1 1 0 0 0 4 0 0
363 12 0 0 4 0 0 0 0 0
366 12 0 0 0 0 0 6 0 0
370 6 1 0 4 0 0 2 0 0
371 12 0 0 4 0 0 4 0 0
372 2 0 0 0 0 0 0 0 0
377 6 0 0 2 0 0 2 0 0
378 2 0 0 2 0 0 0 0 0
379 4 0 0 4 0 0 0 0 0
fn=ctr_reflect_get_primitive_link
297 20 2 1 0 0 0 10 0 0
298 10 0 0 5 0 0 5 0 0
299 23 0 0 9 0 0 0 0 0
300 50 0 0 9 0 0 9 0 0
301 12 0 0 8 1 0 4 0 0
303 5 0 0 5 0 0 0 0 0
304 10 0 0 10 0 0 0 0 0
fn=ctr_reflect_new
5 5 1 1 0 0 0 3 0 0
6 3 0 0 0 0 0 2 0 0
7 3 0 0 2 0 0 1 0 0
8 1 0 0 1 0 0 0 0 0
9 2 0 0 2 0 0 0 0 0
fn=ctr_reflect_type_descriptor_print
251 15 3 1 0 0 0 9 0 0
252 9 1 1 0 0 0 6 0 0
253 12 0 0 6 0 0 0 0 0
254 30 1 1 12 0 0 6 0 0
256 42 1 1 9 1 0 0 0 0
262 21 0 0 3 0 0 6 0 0
263 3 0 0 0 0 0 0 0 0
294 3 0 0 3 0 0 0 0 0
295 6 0 0 6 0 0 0 0 0
fl=/home/ali/Documents/ProjectCitron/citron/siphash.c
fn=siphash24
77 4581 2 1 509 0 0 2545 0 0
78 1018 0 0 509 0 0 509 0 0
79 1527 0 0 1018 0 0 509 0 0
80 2036 1 1 1018 0 0 509 0 0
81 1527 0 0 509 0 0 509 0 0
82 1018 0 0 509 0 0 509 0 0
84 1527 0 0 509 0 0 509 0 0
85 1527 0 0 509 0 0 509 0 0
86 1527 1 1 509 0 0 509 0 0
87 1527 0 0 509 0 0 509 0 0
89 1925 1 1 708 0 0 0 0 0
90 597 0 0 398 0 0 199 0 0
91 398 0 0 398 0 0 0 0 0
92 398 2 1 398 0 0 0 0 0
93 10348 4 2 7164 0 0 1592 0 0
94 398 0 0 398 0 0 0 0 0
97 2545 2 1 509 0 0 1527 0 0
98 5090 0 0 1527 3 1 0 0 0
99 310 1 0 186 0 0 62 0 0
100 530 0 0 318 0 0 106 0 0
101 800 0 0 480 0 0 160 0 0
102 1175 1 0 705 1 0 235 0 0
103 305 2 2 183 0 0 61 0 0
104 650 1 0 390 0 0 130 0 0
105 920 0 0 690 0 0 230 0 0
107 1018 0 0 1018 0 0 0 0 0
109 1018 0 0 1018 0 0 0 0 0
110 26468 6 4 18324 0 0 4072 0 0
111 1527 0 0 1527 0 0 0 0 0
112 26468 3 3 18324 0 0 4072 0 0
113 26468 7 3 18324 0 0 4072 0 0
114 3054 0 0 2036 0 0 0 0 0
115 2545 0 0 2036 0 0 0 0 0
fl=/home/ali/Documents/ProjectCitron/citron/system.c
fn=ctr_clock_init
1761 5 1 1 0 0 0 3 0 0
1762 15 1 1 1 0 0 4 0 0
1763 11 1 1 1 0 0 3 0 0
1764 5 0 0 3 0 0 0 0 0
fn=ctr_console_brk
1943 5 0 0 0 0 0 3 0 0
1944 6 0 0 1 0 0 1 0 0
1945 1 1 1 1 0 0 0 0 0
1946 2 0 0 2 0 0 0 0 0
fn=ctr_console_write
1931 5 2 2 0 0 0 3 0 0
1932 3 0 0 2 0 0 1 0 0
1933 4 0 0 1 0 0 2 0 0
1934 10 1 1 7 1 0 1 0 0
1935 1 0 0 1 0 0 0 0 0
1936 2 0 0 2 0 0 0 0 0
fn=ctr_gc_sweep
309 4 1 1 0 0 0 2 0 0
310 1 0 0 0 0 0 1 0 0
311 2 0 0 1 0 0 1 0 0
312 1 0 0 0 0 0 1 0 0
313 1 1 1 0 0 0 1 0 0
314 1 0 0 0 0 0 1 0 0
315 1851 1 1 925 0 0 0 0 0
316 2772 0 0 924 0 0 924 0 0
317 10194 0 0 3713 867 0 0 0 0
319 7392 1 1 1848 0 0 924 0 0
320 2772 0 0 924 0 0 924 0 0
322 1848 0 0 924 0 0 0 0 0
331 3696 1 1 1848 439 0 0 0 0
332 2769 0 0 1846 0 0 923 0 0
333 3692 0 0 1846 0 0 923 0 0
335 1 0 0 0 0 0 1 0 0
336 1 0 0 0 0 0 1 0 0
339 4620 1 1 2772 854 0 0 0 0
340 72 0 0 54 0 0 18 0 0
341 752 0 0 367 0 0 0 0 0
342 1047 0 0 698 0 0 349 0 0
343 1396 0 0 698 0 0 349 0 0
344 698 0 0 349 0 0 349 0 0
347 4620 1 1 2772 243 0 0 0 0
348 64 0 0 48 0 0 16 0 0
349 144 0 0 64 0 0 0 0 0
350 144 0 0 96 18 0 48 0 0
351 192 0 0 96 0 0 48 0 0
352 96 0 0 48 0 0 48 0 0
355 4620 1 1 2772 0 0 924 0 0
356 4620 0 0 2772 0 0 924 0 0
357 9186 1 1 1848 0 0 0 0 0
359 1928 0 0 964 0 0 0 0 0
360 2410 0 0 1446 41 0 0 0 0
361 2856 1 1 1904 4 0 476 0 0
363 2410 0 0 1446 0 0 482 0 0
365 1446 1 1 0 0 0 0 0 0
367 78 0 0 52 1 0 13 0 0
368 65 0 0 39 0 0 13 0 0
369 13 0 0 0 0 0 0 0 0
371 4 0 0 2 0 0 0 0 0
372 1 0 0 0 0 0 0 0 0
374 3696 0 0 1848 0 0 924 0 0
375 1848 0 0 924 0 0 924 0 0
386 3 0 0 2 0 0 0 0 0
fl=/home/ali/Documents/ProjectCitron/citron/utf8.c
fn=ctr_getutf8len
30 95 3 1 0 0 0 57 0 0
32 19 0 0 0 0 0 19 0 0
33 19 0 0 0 0 0 19 0 0
34 287 5 1 182 0 0 19 0 0
35 432 0 0 144 0 0 96 0 0
36 240 0 0 96 0 0 48 0 0
38 38 0 0 38 0 0 0 0 0
39 38 0 0 38 0 0 0 0 0
fn=ctr_utf8size
18 192 1 1 0 0 0 96 0 0
19 192 3 1 48 0 0 0 0 0
20 192 0 0 48 0 0 0 0 0
21 192 0 0 48 0 0 0 0 0
22 48 0 0 0 0 0 0 0 0
23 96 0 0 96 0 0 0 0 0
fl=/home/ali/Documents/ProjectCitron/citron/walker.c
fn=ctr_cwlk_assignment
150 28 1 1 4 0 0 12 0 0
151 4 0 0 0 0 0 4 0 0
152 12 0 0 8 2 0 4 0 0
153 12 0 0 8 4 0 4 0 0
154 12 0 0 8 3 0 4 0 0
155 12 1 1 8 1 0 4 0 0
158 12 0 0 4 0 0 0 0 0
159 36 0 0 8 0 0 8 0 0
161 24 1 1 4 0 0 8 0 0
162 16 0 0 8 4 0 0 0 0
163 45 1 1 15 1 0 9 0 0
164 4 0 0 2 0 0 0 0 0
165 15 1 1 5 0 0 3 0 0
171 12 1 1 4 0 0 0 0 0
172 12 0 0 4 0 0 4 0 0
174 4 0 0 4 0 0 0 0 0
175 20 0 0 16 0 0 0 0 0
fn=ctr_cwlk_expr
182 395 4 1 0 0 0 237 0 0
186 158 0 0 0 0 0 79 0 0
189 1106 6 1 237 24 2 0 0 0
191 27 0 0 12 1 0 6 0 0
192 3 0 0 0 0 0 0 0 0
200 3 1 1 0 0 0 2 0 0
201 1 0 0 0 0 0 0 0 0
203 96 4 0 48 0 0 24 0 0
204 12 0 0 0 0 0 0 0 0
206 24 1 1 6 0 0 12 0 0
207 6 0 0 0 0 0 0 0 0
209 3 0 0 1 0 0 0 0 0
210 9 1 1 2 0 0 2 0 0
212 4 0 0 2 0 0 0 0 0
214 4 1 1 2 0 0 0 0 0
221 11 2 2 4 1 0 3 0 0
223 3 0 0 1 0 0 0 0 0
224 3 0 0 1 0 0 1 0 0
226 2 0 0 0 0 0 0 0 0
228 84 1 1 21 0 0 42 1 0
229 21 0 0 0 0 0 0 0 0
231 16 0 0 4 0 0 8 0 0
232 4 0 0 0 0 0 0 0 0
234 24 0 0 6 0 0 12 0 0
235 6 0 0 0 0 0 0 0 0
237 40 0 0 10 0 0 20 1 0
238 20 0 0 10 0 0 10 3 0
239 10 0 0 0 0 0 0 0 0
241 112 1 1 56 3 0 28 0 0
242 14 5 1 0 0 0 0 0 0
244 3 0 0 1 0 0 0 0 0
270 3 1 1 0 0 0 2 0 0
271 1 0 0 0 0 0 0 0 0
277 79 0 0 79 0 0 0 0 0
278 158 0 0 158 2 0 0 0 0
fn=ctr_cwlk_message
38 147 2 2 21 0 0 63 0 0
39 21 0 0 0 0 0 21 0 0
40 21 0 0 0 0 0 21 0 0
42 63 0 0 42 2 0 21 0 0
43 63 0 0 42 5 0 21 0 0
45 42 0 0 21 0 0 21 0 0
49 21 0 0 0 0 0 21 0 0
50 294 1 1 63 8 2 0 0 0
52 171 1 1 76 1 0 38 0 0
53 76 0 0 38 0 0 19 0 0
54 57 0 0 19 0 0 0 0 0
55 171 4 1 38 0 0 38 3 0
57 76 0 0 38 0 0 0 0 0
60 76 1 1 19 0 0 38 0 0
62 57 0 0 19 0 0 0 0 0
63 57 0 0 19 0 0 19 0 0
65 38 0 0 19 0 0 0 0 0
68 19 2 0 0 0 0 0 0 0
79 9 2 2 4 0 0 2 0 0
80 1 0 0 0 0 0 0 0 0
88 4 1 1 1 0 0 2 0 0
89 1 0 0 0 0 0 0 0 0
94 197 4 3 88 3 0 0 0 0
98 69 0 0 46 0 0 23 0 0
99 69 0 0 46 7 0 23 0 0
100 69 0 0 46 8 0 23 0 0
101 69 0 0 46 0 0 23 0 0
102 69 3 1 23 0 0 0 0 0
103 207 0 0 46 0 0 46 1 1
105 69 0 0 46 0 0 23 0 0
106 69 4 1 0 0 0 46 0 0
107 46 0 0 23 0 0 23 0 0
108 69 0 0 46 0 0 23 0 0
109 46 0 0 23 0 0 0 0 0
111 63 0 0 42 7 0 21 0 0
113 126 4 1 21 0 0 42 0 0
114 63 0 0 42 0 0 21 0 0
117 105 0 0 21 0 0 42 0 0
118 63 0 0 42 0 0 21 0 0
119 63 4 0 42 0 0 21 0 0
120 105 0 0 42 0 0 0 0 0
125 138 3 2 46 4 0 23 0 0
126 92 0 0 46 0 0 23 0 0
127 161 0 0 92 0 0 46 1 0
128 230 2 1 69 1 0 23 0 0
129 46 0 0 23 2 0 23 0 0
130 69 0 0 23 0 0 0 0 0
131 69 0 0 23 0 0 23 0 0
133 199 0 0 88 3 0 0 0 0
134 42 0 0 21 0 0 21 0 0
135 63 0 0 42 0 0 21 0 0
136 63 0 0 21 0 0 21 0 0
138 69 0 0 23 0 0 23 0 0
139 46 0 0 23 0 0 23 0 0
141 118 0 0 59 1 0 19 0 0
142 21 0 0 21 0 0 0 0 0
143 105 0 0 84 1 0 0 0 0
fn=ctr_cwlk_return
16 70 0 0 10 0 0 30 0 0
17 10 0 0 0 0 0 10 0 0
20 40 0 0 20 1 0 0 0 0
24 30 1 1 20 0 0 10 0 0
25 40 0 0 20 0 0 0 0 0
29 70 0 0 20 0 0 20 0 0
30 10 0 0 10 0 0 0 0 0
31 50 0 0 40 0 0 0 0 0
fn=ctr_cwlk_run
285 98 5 2 14 0 0 42 0 0
286 14 0 0 0 0 0 14 0 0
287 14 0 0 0 0 0 14 0 0
289 42 0 0 28 4 0 14 0 0
290 50 4 1 18 0 0 0 0 0
291 54 0 0 36 7 0 18 1 0
292 72 0 0 36 0 0 0 0 0
296 18 1 1 0 0 0 18 0 0
297 108 0 0 18 0 0 36 1 0
298 54 0 0 18 0 0 0 0 0
299 20 0 0 0 0 0 0 0 0
302 176 4 2 40 3 1 0 0 0
305 36 0 0 16 3 0 0 0 0
306 12 0 0 8 0 0 4 0 0
308 46 0 0 14 0 0 4 0 0
309 14 0 0 14 0 0 0 0 0
310 70 0 0 56 2 0 0 0 0
fl=/home/ali/Documents/ProjectCitron/citron/world.c
fn=ctr_assign_value_to_local
1357 80 5 1 0 0 0 48 0 0
1358 16 0 0 0 0 0 16 0 0
1360 48 0 0 16 0 0 0 0 0
1361 96 3 1 32 0 0 16 0 0
1362 64 0 0 32 0 0 16 0 0
1363 224 1 1 48 2 1 0 0 0
1380 32 4 1 16 0 0 16 0 0
1381 16 0 0 0 0 0 0 0 0
1383 96 5 0 48 0 0 16 0 0
1384 16 0 0 16 0 0 0 0 0
1385 32 0 0 32 0 0 0 0 0
fn=ctr_assign_value_to_local_by_ref
1395 15 1 1 0 0 0 9 0 0
1396 3 0 0 0 0 0 3 0 0
1398 9 0 0 3 0 0 0 0 0
1399 18 1 1 6 0 0 3 0 0
1400 12 0 0 6 0 0 3 0 0
1401 6 0 0 3 0 0 3 0 0
1402 18 1 0 9 0 0 3 0 0
1403 3 0 0 3 0 0 0 0 0
1404 6 0 0 6 0 0 0 0 0
fn=ctr_assign_value_to_my
1321 15 1 1 0 0 0 9 0 0
1322 3 1 1 0 0 0 3 0 0
1323 18 0 0 3 0 0 9 0 0
1324 9 0 0 3 0 0 0 0 0
1325 12 1 1 6 0 0 3 0 0
1326 42 1 1 9 2 1 0 0 0
1334 22 1 1 12 0 0 4 0 0
1335 2 0 0 0 0 0 0 0 0
1343 2 0 0 1 0 0 1 0 0
1344 1 0 0 0 0 0 0 0 0
1346 18 0 0 9 0 0 3 0 0
1347 3 0 0 3 0 0 0 0 0
1348 6 0 0 6 0 0 0 0 0
fn=ctr_close_context
534 18 0 0 0 0 0 9 0 0
535 72 0 0 27 0 0 9 0 0
536 27 0 0 9 0 0 0 0 0
537 36 0 0 9 0 0 9 0 0
538 18 0 0 18 0 0 0 0 0
fn=ctr_find
548 115 1 1 0 0 0 69 0 0
549 46 0 0 23 0 0 23 0 0
550 23 0 0 0 0 0 23 0 0
551 69 2 1 23 0 0 0 0 0
552 208 3 1 104 0 0 0 0 0
553 192 0 0 64 0 0 32 0 0
554 224 0 0 64 0 0 64 0 0
555 32 0 0 32 0 0 0 0 0
557 46 0 0 23 0 0 0 0 0
561 46 1 1 23 0 0 0 0 0
578 23 1 1 23 0 0 0 0 0
579 92 0 0 69 0 0 0 0 0
fn=ctr_initialize_world
669 4 1 1 0 0 0 2 0 0
670 4 0 0 0 0 0 1 0 0
673 4 1 1 0 0 0 2 0 0
674 52 1 1 33 0 0 1 0 0
675 352 0 0 16 0 0 32 0 0
677 1 0 0 0 0 0 1 0 0
678 3 0 0 0 0 0 2 0 0
679 4 1 1 2 0 0 1 0 0
680 2 0 0 1 0 0 1 1 1
683 3 0 0 0 0 0 2 0 0
684 8 1 1 1 0 0 2 0 0
685 8 0 0 1 0 0 2 0 0
686 8 1 1 1 0 0 2 0 0
687 8 1 1 1 0 0 2 0 0
688 8 0 0 1 0 0 2 0 0
692 8 1 1 1 0 0 2 0 0
693 8 1 1 1 0 0 2 0 0
694 8 0 0 1 0 0 2 0 0
695 8 1 1 1 0 0 2 0 0
696 8 0 0 1 0 0 2 0 0
697 8 1 1 1 0 0 2 0 0
698 8 1 1 1 0 0 2 0 0
699 8 0 0 1 0 0 2 0 0
700 8 1 1 1 0 0 2 0 0
701 8 1 1 1 0 0 2 0 0
702 8 0 0 1 0 0 2 0 0
703 8 1 1 1 0 0 2 0 0
704 8 0 0 1 0 0 2 0 0
705 8 1 1 1 0 0 2 0 0
706 8 1 1 1 0 0 2 0 0
707 8 0 0 1 0 0 2 0 0
708 8 1 1 1 0 0 2 0 0
709 8 1 1 1 0 0 2 0 0
710 8 0 0 1 0 0 2 0 0
711 8 1 1 1 0 0 2 0 0
712 8 0 0 1 0 0 2 0 0
713 8 1 1 1 0 0 2 0 0
714 8 1 1 1 0 0 2 0 0
715 8 0 0 1 0 0 2 0 0
717 9 1 1 2 0 0 2 0 0
718 2 0 0 1 0 0 1 0 0
719 4 1 1 2 0 0 1 0 0
722 3 0 0 0 0 0 2 0 0
723 9 0 0 2 0 0 2 0 0
724 8 1 1 1 0 0 2 0 0
725 8 1 1 1 0 0 2 0 0
726 8 0 0 1 0 0 2 0 0
727 8 1 1 1 0 0 2 0 0
728 8 1 1 1 0 0 2 0 0
729 3 0 0 2 0 0 1 0 0
730 4 0 0 2 0 0 1 0 0
733 3 0 0 0 0 0 2 1 0
734 8 1 1 1 0 0 2 0 0
735 8 1 1 1 0 0 2 0 0
736 8 0 0 1 0 0 2 0 0
737 8 1 1 1 0 0 2 0 0
738 8 1 1 1 0 0 2 0 0
739 8 0 0 1 0 0 2 0 0
740 8 1 1 1 0 0 2 0 0
741 8 0 0 1 0 0 2 0 0
742 8 1 1 1 0 0 2 0 0
743 8 1 1 1 0 0 2 0 0
744 8 0 0 1 0 0 2 0 0
745 8 1 1 1 0 0 2 0 0
746 8 1 1 1 0 0 2 0 0
747 8 0 0 1 0 0 2 0 0
748 8 1 1 1 0 0 2 0 0
749 8 0 0 1 0 0 2 0 0
750 8 1 1 1 0 0 2 0 0
751 9 1 1 2 0 0 2 0 0
752 3 0 0 2 0 0 1 0 0
753 4 0 0 2 0 0 1 0 0
756 3 1 1 0 0 0 2 0 0
757 8 0 0 1 0 0 2 0 0
758 8 1 1 1 0 0 2 0 0
759 8 0 0 1 0 0 2 0 0
760 8 1 1 1 0 0 2 0 0
761 8 1 1 1 0 0 2 0 0
762 8 0 0 1 0 0 2 0 0
763 8 1 1 1 0 0 2 0 0
764 8 1 1 1 0 0 2 0 0
765 8 0 0 1 0 0 2 0 0
766 8 1 1 1 0 0 2 0 0
767 8 0 0 1 0 0 2 0 0
768 8 1 1 1 0 0 2 0 0
769 8 1 1 1 0 0 2 0 0
770 8 0 0 1 0 0 2 0 0
771 8 1 1 1 0 0 2 0 0
772 8 1 1 1 0 0 2 0 0
773 8 0 0 1 0 0 2 0 0
774 8 1 1 1 0 0 2 0 0
775 8 0 0 1 0 0 2 0 0
776 8 1 1 1 0 0 2 0 0
777 8 1 1 1 0 0 2 0 0
778 8 0 0 1 0 0 2 0 0
779 8 1 1 1 0 0 2 0 0
780 8 1 1 1 0 0 2 0 0
781 8 0 0 1 0 0 2 0 0
782 8 1 1 1 0 0 2 0 0
783 8 0 0 1 0 0 2 0 0
784 8 1 1 1 0 0 2 0 0
785 8 1 1 1 0 0 2 0 0
786 8 0 0 1 0 0 2 0 0
787 8 1 1 1 0 0 2 0 0
788 8 1 1 1 0 0 2 0 0
789 8 0 0 1 0 0 2 0 0
790 8 1 1 1 0 0 2 0 0
791 8 0 0 1 0 0 2 0 0
792 8 1 1 1 0 0 2 0 0
793 8 1 1 1 0 0 2 0 0
794 8 0 0 1 0 0 2 0 0
795 8 1 1 1 0 0 2 0 0
796 8 1 1 1 0 0 2 0 0
797 8 0 0 1 0 0 2 0 0
798 8 1 1 1 0 0 2 0 0
799 8 0 0 1 0 0 2 0 0
800 8 1 1 1 0 0 2 0 0
801 8 1 1 1 0 0 2 0 0
802 8 0 0 1 0 0 2 0 0
803 8 1 1 1 0 0 2 0 0
804 8 1 1 1 0 0 2 0 0
805 8 0 0 1 0 0 2 0 0
806 8 1 1 1 0 0 2 0 0
807 9 1 1 2 0 0 2 0 0
808 3 0 0 2 0 0 1 0 0
809 4 0 0 2 0 0 1 0 0
812 3 0 0 0 0 0 2 0 0
813 8 1 1 1 0 0 2 0 0
814 8 1 1 1 0 0 2 0 0
815 8 0 0 1 0 0 2 0 0
816 8 1 1 1 0 0 2 0 0
817 8 0 0 1 0 0 2 0 0
818 8 1 1 1 0 0 2 0 0
819 8 1 1 1 0 0 2 0 0
820 8 0 0 1 0 0 2 0 0
821 8 1 1 1 0 0 2 0 0
822 8 1 1 1 0 0 2 0 0
823 8 0 0 1 0 0 2 0 0
824 8 1 1 1 0 0 2 0 0
825 8 0 0 1 0 0 2 0 0
826 8 1 1 1 0 0 2 0 0
827 8 1 1 1 0 0 2 0 0
828 8 0 0 1 0 0 2 0 0
829 8 1 1 1 0 0 2 0 0
830 8 1 1 1 0 0 2 0 0
831 8 0 0 1 0 0 2 0 0
832 8 1 1 1 0 0 2 0 0
833 8 0 0 1 0 0 2 0 0
834 8 1 1 1 0 0 2 0 0
835 8 1 1 1 0 0 2 0 0
836 8 0 0 1 0 0 2 0 0
837 8 1 1 1 0 0 2 0 0
838 8 1 1 1 0 0 2 0 0
839 8 0 0 1 0 0 2 0 0
840 8 1 1 1 0 0 2 0 0
841 8 0 0 1 0 0 2 0 0
842 8 1 1 1 0 0 2 0 0
843 8 1 1 1 0 0 2 0 0
844 8 0 0 1 0 0 2 0 0
845 8 1 1 1 0 0 2 0 0
846 8 1 1 1 0 0 2 0 0
847 8 0 0 1 0 0 2 0 0
848 8 1 1 1 0 0 2 0 0
849 8 0 0 1 0 0 2 0 0
850 8 1 1 1 0 0 2 0 0
851 8 1 1 1 0 0 2 0 0
852 8 0 0 1 0 0 2 0 0
853 8 1 1 1 0 0 2 0 0
854 8 1 1 1 0 0 2 0 0
855 8 0 0 1 0 0 2 0 0
856 8 1 1 1 0 0 2 0 0
857 8 0 0 1 0 0 2 0 0
858 8 1 1 1 0 0 2 0 0
859 8 1 1 1 0 0 2 0 0
860 8 0 0 1 0 0 2 0 0
861 9 1 1 2 0 0 2 0 0
862 3 0 0 2 0 0 1 0 0
863 4 1 1 2 0 0 1 0 0
866 3 0 0 0 0 0 2 0 0
867 8 0 0 1 0 0 2 0 0
868 8 1 1 1 0 0 2 0 0
869 8 1 1 1 0 0 2 0 0
870 8 0 0 1 0 0 2 0 0
871 8 1 1 1 0 0 2 0 0
872 8 1 1 1 0 0 2 0 0
873 8 0 0 1 0 0 2 0 0
874 8 1 1 1 0 0 2 0 0
875 8 0 0 1 0 0 2 0 0
876 8 1 1 1 0 0 2 0 0
877 8 1 1 1 0 0 2 0 0
878 9 0 0 2 0 0 2 0 0
879 3 1 1 2 0 0 1 0 0
880 4 0 0 2 0 0 1 0 0
883 5 0 0 1 0 0 2 0 0
884 8 1 1 1 0 0 2 0 0
885 8 1 1 1 0 0 2 0 0
886 8 0 0 1 0 0 2 0 0
887 8 1 1 1 0 0 2 0 0
888 8 1 1 1 0 0 2 0 0
889 8 0 0 1 0 0 2 0 0
890 8 1 1 1 0 0 2 0 0
891 8 0 0 1 0 0 2 0 0
892 8 1 1 1 0 0 2 0 0
893 8 1 1 1 0 0 2 0 0
894 8 0 0 1 0 0 2 0 0
895 8 1 1 1 0 0 2 0 0
896 8 1 1 1 0 0 2 0 0
897 8 0 0 1 0 0 2 0 0
898 8 1 1 1 0 0 2 0 0
899 8 0 0 1 0 0 2 0 0
900 8 1 1 1 0 0 2 0 0
901 8 1 1 1 0 0 2 0 0
902 8 0 0 1 0 0 2 0 0
903 8 1 1 1 0 0 2 0 0
904 8 1 1 1 0 0 2 0 0
905 8 0 0 1 0 0 2 0 0
906 8 1 1 1 0 0 2 0 0
907 8 0 0 1 0 0 2 0 0
908 8 1 1 1 0 0 2 0 0
909 8 1 1 1 0 0 2 0 0
910 8 0 0 1 0 0 2 0 0
911 8 1 1 1 0 0 2 0 0
912 8 1 1 1 0 0 2 0 0
913 8 0 0 1 0 0 2 0 0
914 8 1 1 1 0 0 2 0 0
915 8 0 0 1 0 0 2 0 0
916 8 1 1 1 0 0 2 0 0
917 8 1 1 1 0 0 2 0 0
918 8 0 0 1 0 0 2 0 0
919 9 1 1 2 0 0 2 0 0
920 3 0 0 2 0 0 1 0 0
921 4 1 1 2 0 0 1 0 0
924 3 0 0 0 0 0 2 1 0
925 8 0 0 1 0 0 2 0 0
926 8 1 1 1 0 0 2 0 0
927 8 1 1 1 0 0 2 0 0
928 8 0 0 1 0 0 2 0 0
929 8 1 1 1 0 0 2 0 0
930 8 1 1 1 0 0 2 0 0
931 8 0 0 1 0 0 2 0 0
932 8 1 1 1 0 0 2 0 0
933 8 0 0 1 0 0 2 0 0
934 8 1 1 1 0 0 2 0 0
935 8 1 1 1 0 0 2 0 0
936 8 0 0 1 0 0 2 0 0
937 8 1 1 1 0 0 2 0 0
938 8 1 1 1 0 0 2 0 0
939 9 0 0 2 0 0 2 0 0
940 3 1 1 2 0 0 1 0 0
941 4 0 0 2 0 0 1 0 0
944 3 0 0 0 0 0 2 1 0
945 8 1 1 1 0 0 2 0 0
946 8 0 0 1 0 0 2 0 0
947 8 1 1 1 0 0 2 0 0
948 8 1 1 1 0 0 2 0 0
949 8 0 0 1 0 0 2 0 0
950 8 1 1 1 0 0 2 0 0
951 8 0 0 1 0 0 2 0 0
952 8 1 1 1 0 0 2 0 0
953 8 1 1 1 0 0 2 0 0
954 8 0 0 1 0 0 2 0 0
955 8 1 1 1 0 0 2 0 0
956 8 1 1 1 0 0 2 0 0
957 8 0 0 1 0 0 2 0 0
958 8 1 1 1 0 0 2 0 0
959 8 0 0 1 0 0 2 0 0
960 9 1 1 2 0 0 2 0 0
961 9 1 1 2 0 0 2 0 0
962 3 0 0 2 0 0 1 0 0
963 4 0 0 2 0 0 1 0 0
966 3 1 1 0 0 0 2 0 0
967 2 0 0 1 0 0 1 0 0
968 8 1 1 1 0 0 2 0 0
969 8 0 0 1 0 0 2 0 0
970 8 1 1 1 0 0 2 0 0
971 8 0 0 1 0 0 2 0 0
972 8 1 1 1 0 0 2 0 0
973 8 1 1 1 0 0 2 0 0
974 8 0 0 1 0 0 2 0 0
975 8 1 1 1 0 0 2 0 0
976 8 1 1 1 0 0 2 0 0
977 8 0 0 1 0 0 2 0 0
978 8 1 1 1 0 0 2 0 0
979 8 0 0 1 0 0 2 0 0
980 8 1 1 1 0 0 2 0 0
981 8 1 1 1 0 0 2 0 0
982 8 0 0 1 0 0 2 0 0
983 8 1 1 1 0 0 2 0 0
984 8 1 1 1 0 0 2 0 0
985 8 0 0 1 0 0 2 0 0
986 8 1 1 1 0 0 2 0 0
987 8 0 0 1 0 0 2 0 0
988 8 1 1 1 0 0 2 0 0
989 8 1 1 1 0 0 2 0 0
990 9 0 0 2 0 0 2 0 0
991 3 1 1 2 0 0 1 0 0
992 4 0 0 2 0 0 1 0 0
995 3 0 0 0 0 0 2 1 0
996 8 1 1 1 0 0 2 0 0
997 8 0 0 1 0 0 2 0 0
998 8 1 1 1 0 0 2 0 0
999 8 1 1 1 0 0 2 0 0
1000 8 0 0 1 0 0 2 0 0
1001 8 1 1 1 0 0 2 0 0
1002 8 1 1 1 0 0 2 0 0
1003 8 0 0 1 0 0 2 0 0
1004 8 1 1 1 0 0 2 0 0
1005 8 0 0 1 0 0 2 0 0
1006 8 1 1 1 0 0 2 0 0
1007 8 1 1 1 0 0 2 0 0
1008 8 0 0 1 0 0 2 0 0
1009 8 1 1 1 0 0 2 0 0
1010 8 1 1 1 0 0 2 0 0
1011 8 0 0 1 0 0 2 0 0
1012 8 1 1 1 0 0 2 0 0
1013 8 0 0 1 0 0 2 0 0
1014 8 1 1 1 0 0 2 0 0
1015 8 1 1 1 0 0 2 0 0
1016 8 0 0 1 0 0 2 0 0
1017 8 1 1 1 0 0 2 0 0
1018 8 1 1 1 0 0 2 0 0
1019 8 0 0 1 0 0 2 0 0
1020 8 1 1 1 0 0 2 0 0
1021 8 0 0 1 0 0 2 0 0
1022 8 1 1 1 0 0 2 0 0
1023 8 1 1 1 0 0 2 0 0
1024 9 0 0 2 0 0 2 0 0
1025 3 1 1 2 0 0 1 0 0
1026 4 0 0 2 0 0 1 0 0
1029 3 0 0 0 0 0 2 0 0
1030 8 1 1 1 0 0 2 0 0
1031 8 0 0 1 0 0 2 0 0
1032 8 1 1 1 0 0 2 0 0
1033 8 1 1 1 0 0 2 0 0
1034 8 0 0 1 0 0 2 0 0
1035 8 1 1 1 0 0 2 0 0
1036 8 1 1 1 0 0 2 0 0
1037 8 0 0 1 0 0 2 0 0
1038 8 1 1 1 0 0 2 0 0
1039 8 0 0 1 0 0 2 0 0
1040 8 1 1 1 0 0 2 0 0
1041 8 1 1 1 0 0 2 0 0
1042 8 0 0 1 0 0 2 0 0
1043 8 1 1 1 0 0 2 0 0
1044 8 1 1 1 0 0 2 0 0
1045 8 0 0 1 0 0 2 0 0
1046 8 1 1 1 0 0 2 0 0
1047 8 0 0 1 0 0 2 0 0
1048 8 1 1 1 0 0 2 0 0
1049 8 1 1 1 0 0 2 0 0
1050 8 0 0 1 0 0 2 0 0
1051 8 1 1 1 0 0 2 0 0
1052 8 1 1 1 0 0 2 0 0
1053 8 0 0 1 0 0 2 0 0
1054 8 1 1 1 0 0 2 0 0
1055 8 0 0 1 0 0 2 0 0
1056 8 1 1 1 0 0 2 0 0
1057 8 1 1 1 0 0 2 0 0
1058 8 0 0 1 0 0 2 0 0
1059 8 1 1 1 0 0 2 0 0
1060 9 1 1 2 0 0 2 0 0
1061 3 0 0 1 0 0 1 0 0
1062 3 0 0 2 0 0 1 0 0
1063 4 0 0 2 1 0 1 0 0
1066 3 1 1 0 0 0 2 0 0
1067 8 0 0 1 0 0 2 0 0
1068 8 1 1 1 0 0 2 0 0
1069 8 1 1 1 0 0 2 0 0
1070 9 0 0 2 0 0 2 0 0
1071 3 1 1 2 0 0 1 0 0
1072 4 0 0 2 0 0 1 0 0
1075 3 0 0 0 0 0 2 0 0
1076 8 1 1 1 0 0 2 0 0
1077 8 0 0 1 0 0 2 0 0
1078 8 1 1 1 0 0 2 0 0
1079 9 1 1 2 0 0 2 0 0
1080 3 0 0 2 0 0 1 0 0
1081 4 0 0 2 0 0 1 0 0
1084 3 0 0 0 0 0 2 1 0
1085 8 1 1 1 0 0 2 0 0
1086 8 1 1 1 0 0 2 0 0
1087 8 0 0 1 0 0 2 0 0
1088 9 1 1 2 0 0 2 0 0
1089 3 0 0 2 0 0 1 0 0
1090 4 1 1 2 0 0 1 0 0
1093 3 0 0 0 0 0 2 1 0
1094 8 0 0 1 0 0 2 0 0
1095 8 1 1 1 0 0 2 0 0
1096 8 1 1 1 0 0 2 0 0
1097 8 0 0 1 0 0 2 0 0
1098 8 1 1 1 0 0 2 0 0
1099 8 1 1 1 0 0 2 0 0
1100 8 0 0 1 0 0 2 0 0
1101 8 1 1 1 0 0 2 0 0
1102 9 1 1 2 0 0 2 0 0
1103 3 0 0 2 0 0 1 0 0
1104 4 0 0 2 0 0 1 0 0
1106 5 1 1 1 0 0 2 0 0
1108 8 0 0 1 0 0 2 0 0
1109 8 1 1 1 0 0 2 0 0
1110 8 0 0 1 0 0 2 0 0
1111 8 1 1 1 0 0 2 0 0
1112 8 1 1 1 0 0 2 0 0
1113 8 0 0 1 0 0 2 0 0
1114 8 1 1 1 0 0 2 0 0
1115 8 1 1 1 0 0 2 0 0
1116 8 0 0 1 0 0 2 0 0
1117 8 1 1 1 0 0 2 0 0
1118 8 0 0 1 0 0 2 0 0
1119 8 1 1 1 0 0 2 0 0
1120 8 1 1 1 0 0 2 0 0
1121 8 0 0 1 0 0 2 0 0
1122 8 1 1 1 0 0 2 0 0
1123 8 1 1 1 0 0 2 0 0
1124 8 0 0 1 0 0 2 0 0
1125 8 1 1 1 0 0 2 0 0
1126 8 0 0 1 0 0 2 0 0
1127 8 1 1 1 0 0 2 0 0
1128 8 1 1 1 0 0 2 0 0
1130 9 0 0 2 0 0 2 0 0
1131 4 1 1 2 0 0 1 0 0
1134 1 0 0 0 0 0 1 0 0
1137 3 0 0 0 0 0 2 0 0
1138 3 0 0 0 0 0 2 0 0
1139 3 0 0 0 0 0 2 0 0
1140 4 1 1 2 0 0 1 0 0
1141 4 0 0 2 0 0 1 0 0
1142 4 0 0 2 0 0 1 0 0
1145 2 0 0 0 0 0 1 1 1
1146 2 1 1 0 0 0 1 0 0
1147 2 0 0 0 0 0 1 0 0
1148 2 0 0 0 0 0 1 0 0
1149 2 0 0 0 0 0 1 0 0
1150 2 1 1 0 0 0 1 0 0
1151 2 0 0 0 0 0 1 0 0
1152 2 0 0 0 0 0 1 0 0
1153 2 0 0 0 0 0 1 1 1
1156 2 0 0 0 0 0 1 0 0
1157 2 1 1 0 0 0 1 0 0
1158 2 0 0 0 0 0 1 0 0
1159 2 0 0 0 0 0 1 0 0
1160 2 0 0 0 0 0 1 0 0
1161 2 1 1 0 0 0 1 0 0
1164 1 0 0 0 0 0 1 0 0
1165 5 0 0 3 1 0 0 0 0
fn=ctr_internal_cast2number
450 48 2 0 0 0 0 24 0 0
451 84 0 0 36 0 0 0 0 0
461 24 0 0 24 0 0 0 0 0
fn=ctr_internal_cast2string
470 2080 1 1 0 0 0 1040 0 0
471 3640 3 1 1560 2 0 0 0 0
487 1040 1 1 1040 0 0 0 0 0
fn=ctr_internal_create_func
437 2094 1 1 0 0 0 1396 0 0
438 1047 0 0 0 0 0 698 0 0
439 1047 0 0 698 0 0 349 0 0
440 2094 0 0 1047 0 0 349 0 0
441 1047 1 1 698 0 0 0 0 0
fn=ctr_internal_create_mapped_object
399 4620 0 0 0 0 0 2772 0 0
401 4620 1 1 924 0 0 1848 1 0
402 6468 0 0 1848 0 0 1848 0 0
403 6468 1 1 1848 0 0 1848 0 0
404 2772 0 0 1848 0 0 924 0 0
405 2772 0 0 1848 0 0 924 0 0
406 2772 0 0 1848 0 0 924 0 0
407 2772 1 1 1848 0 0 924 0 0
408 8316 0 0 2772 0 0 924 0 0
409 3696 0 0 1848 0 0 924 0 0
410 3696 1 1 1848 0 0 924 0 0
411 3696 0 0 1848 0 0 924 0 0
412 8316 0 0 2772 0 0 924 0 0
413 3696 0 0 1848 0 0 924 0 0
414 1852 1 1 926 0 0 2 0 0
415 1968 0 0 964 0 0 40 0 0
416 1848 0 0 924 0 0 0 0 0
417 3374 0 0 964 0 0 964 0 0
418 1928 0 0 964 0 0 482 0 0
419 1446 0 0 964 0 0 482 0 0
421 1848 1 1 924 0 0 924 0 0
422 2772 1 1 924 0 0 0 0 0
423 3 0 0 1 0 0 1 0 0
425 2769 0 0 1846 0 0 923 0 0
426 1846 0 0 923 0 0 923 0 0
428 924 0 0 924 0 0 0 0 0
429 1848 0 0 1848 0 0 0 0 0
fn=ctr_internal_create_object
395 3696 2 2 0 0 0 1848 0 0
396 3696 0 0 924 0 0 924 0 0
397 1848 0 0 1848 0 0 0 0 0
fn=ctr_internal_index_hash
177 2036 1 1 0 0 0 1018 0 0
178 2036 1 1 509 0 0 1018 0 0
179 5090 0 0 3054 3 0 509 0 0
180 1018 0 0 1018 0 0 0 0 0
fn=ctr_internal_object_add_property
316 2779 1 1 0 0 0 1985 0 0
317 1191 7 1 794 0 0 397 0 0
318 1191 0 0 0 0 0 794 0 0
319 397 0 0 0 0 0 397 0 0
320 1191 0 0 794 0 0 397 0 0
321 2382 3 1 794 0 0 794 0 0
322 1191 0 0 794 0 0 397 0 0
323 794 0 0 397 0 0 397 0 0
324 794 0 0 397 0 0 397 0 0
325 794 0 0 397 0 0 0 0 0
326 1745 0 0 1047 0 0 0 0 0
327 90 1 1 54 0 0 18 0 0
329 1324 0 0 993 0 0 331 0 0
330 993 0 0 662 0 0 331 0 0
331 993 0 0 662 0 0 331 0 0
332 1324 0 0 993 0 0 331 0 0
334 1745 1 1 1047 0 0 349 0 0
336 240 0 0 144 2 0 0 0 0
337 80 0 0 48 0 0 16 0 0
339 128 0 0 96 0 0 32 0 0
340 96 0 0 64 0 0 32 1 0
341 96 0 0 64 0 0 32 0 0
342 128 0 0 96 0 0 32 0 0
344 240 0 0 144 0 0 48 0 0
346 1540 1 1 794 0 0 0 0 0
fn=ctr_internal_object_delete_property
255 150 0 0 0 0 0 100 0 0
256 100 2 1 25 0 0 50 0 0
258 50 0 0 25 0 0 0 0 0
264 125 2 1 75 0 0 0 0 0
265 13 4 0 0 0 0 0 0 0
267 48 0 0 36 0 0 12 0 0
269 62 0 0 25 0 0 0 0 0
270 52 0 0 39 1 0 0 0 0
304 39 0 0 26 0 0 13 0 0
306 24 0 0 0 0 0 0 0 0
307 50 0 0 50 0 0 0 0 0
fn=ctr_internal_object_find_property
189 522 1 1 0 0 0 348 0 0
190 522 0 0 261 0 0 87 0 0
191 174 0 0 174 0 0 0 0 0
fn=ctr_internal_object_find_property_ignore
193 609 0 0 0 0 0 435 0 0
195 348 1 1 87 0 0 174 0 0
218 174 0 0 87 0 0 0 0 0
219 265 0 0 159 22 0 0 0 0
220 40 0 0 0 0 0 0 0 0
222 165 0 0 99 4 0 33 0 0
224 170 1 0 102 11 0 0 0 0
227 136 0 0 102 2 0 34 0 0
232 1494 0 0 730 0 0 0 0 0
236 3300 1 1 2313 296 0 54 0 0
240 162 0 0 108 0 0 0 0 0
242 1989 0 0 1326 140 0 663 0 0
244 13 0 0 0 0 0 0 0 0
245 174 1 1 174 0 0 0 0 0
fn=ctr_internal_object_is_constructible
114 10 0 0 0 0 0 6 0 0
115 6 1 1 4 0 0 0 0 0
121 10 0 0 4 2 0 0 0 0
131 10 1 1 4 0 0 0 0 0
137 10 1 1 4 0 0 0 0 0
143 15 3 2 6 0 0 0 0 0
144 7 0 0 2 0 0 2 0 0
145 8 1 1 3 0 0 1 0 0
146 1 0 0 0 0 0 1 0 0
147 3 0 0 0 0 0 2 0 0
148 8 1 1 4 0 0 0 0 0
149 9 1 1 2 0 0 2 0 0
150 8 0 0 3 0 0 2 0 0
151 13 0 0 4 0 0 2 0 0
153 3 1 0 1 0 0 1 0 0
154 2 0 0 1 0 0 0 0 0
156 24 2 2 8 1 0 2 0 0
157 3 0 0 0 0 0 2 0 0
158 3 1 1 2 0 0 1 0 0
159 6 1 0 2 0 0 2 0 0
160 3 0 0 2 0 0 1 1 0
161 6 0 0 2 0 0 2 0 0
162 3 0 0 1 0 0 1 0 0
164 6 0 0 2 0 0 1 0 0
167 4 0 0 4 0 0 0 0 0
fn=ctr_internal_object_is_equal
55 342 2 1 0 0 0 228 0 0
56 171 0 0 114 0 0 0 0 0
62 565 5 1 226 23 0 0 0 0
63 224 0 0 168 32 0 56 0 0
64 224 1 1 168 1 0 56 0 0
65 224 0 0 168 6 0 56 0 0
66 224 0 0 168 0 0 56 0 0
67 168 0 0 112 0 0 0 0 0
68 448 1 1 168 0 0 112 0 0
69 224 0 0 56 0 0 0 0 0
72 5 1 1 2 0 0 0 0 0
78 5 1 1 2 0 0 0 0 0
84 10 1 1 4 0 0 0 0 0
85 7 1 1 2 0 0 2 0 0
86 10 0 0 3 0 0 1 0 0
87 1 1 1 0 0 0 1 0 0
88 3 0 0 0 0 0 2 0 0
89 13 1 1 7 0 0 0 0 0
90 18 0 0 4 0 0 4 0 0
91 42 1 1 10 0 0 8 0 0
93 3 0 0 1 0 0 1 0 0
94 2 0 0 1 0 0 0 0 0
106 228 1 1 171 0 0 0 0 0
fn=ctr_internal_object_set_property
355 154 2 1 0 0 0 110 0 0
356 132 0 0 66 0 0 22 0 0
357 132 0 0 88 0 0 22 0 0
358 66 0 0 44 0 0 0 0 0
fn=ctr_internal_readf
23 5 1 1 0 0 0 3 0 0
30 5 1 1 1 0 0 2 0 0
31 2 0 0 1 0 0 0 0 0
35 4 1 1 1 0 0 2 0 0
36 5 0 0 1 0 0 1 0 0
37 4 0 0 1 0 0 2 0 0
38 7 1 1 2 0 0 1 0 0
39 3 0 0 1 0 0 1 0 0
40 4 0 0 1 0 0 2 0 0
41 1 0 0 0 0 0 1 0 0
42 2035 1 1 782 0 0 626 0 0
43 3 0 0 1 0 0 1 0 0
44 3 0 0 2 0 0 1 0 0
45 1 0 0 1 0 0 0 0 0
46 2 0 0 2 0 0 0 0 0
fn=ctr_open_context
516 27 1 1 0 0 0 9 0 0
518 27 0 0 9 0 0 0 0 0
522 27 3 1 0 0 0 18 0 0
523 36 0 0 18 0 0 9 0 0
524 81 1 1 27 0 0 18 1 0
525 27 0 0 18 0 0 0 0 0
fn=ctr_send_message
1174 210 0 0 0 0 0 150 0 0
1175 30 0 0 0 0 0 30 0 0
1176 30 0 0 0 0 0 30 0 0
1177 30 0 0 0 0 0 30 0 0
1186 30 1 1 0 0 0 30 0 0
1188 90 0 0 30 0 0 0 0 0
1189 150 0 0 30 0 0 0 0 0
1196 30 1 1 0 0 0 30 0 0
1197 60 0 0 30 0 0 30 0 0
1198 124 2 1 62 10 2 0 0 0
1206 180 3 1 60 0 0 60 0 0
1207 120 4 1 60 0 0 30 0 0
1208 136 5 1 53 0 0 0 0 0
1209 371 0 0 106 0 0 106 0 0
1210 166 0 0 83 0 0 0 0 0
1211 166 0 0 53 0 0 0 0 0
1212 92 0 0 46 1 0 0 0 0
1213 69 0 0 46 0 0 23 0 0
1215 60 0 0 30 0 0 0 0 0
1237 150 2 1 60 8 0 0 0 0
1238 90 3 1 60 9 0 30 0 0
1252 210 0 0 90 0 0 60 2 0
1254 150 0 0 60 3 0 0 0 0
1261 180 5 1 90 2 0 30 0 0
1262 150 0 0 60 1 0 0 0 0
1263 30 0 0 30 0 0 0 0 0
1264 60 0 0 60 1 0 0 0 0
fl=???
fn=(below main)
0 54 4 4 16 1 0 15 0 0
fn=???
0 12877 113 62 12550 55 0 106 3 2
fn=_Exit
0 8 1 1 1 1 0 0 0 0
fn=_IO_cleanup
0 108 9 9 33 2 0 18 0 0
fn=_IO_default_finish
0 15 2 2 6 0 0 1 0 0
fn=_IO_default_setbuf
0 51 4 4 9 0 0 15 0 0
fn=_IO_default_uflow
0 20 2 2 5 0 0 3 0 0
fn=_IO_default_xsputn
0 108 4 4 29 0 0 10 0 0
fn=_IO_do_write@@GLIBC_2.2.5
0 15 2 1 3 0 0 2 0 0
fn=_IO_doallocbuf
0 50 6 3 16 1 0 8 0 0
fn=_IO_file_close
0 6 1 1 2 0 0 0 0 0
fn=_IO_file_close_it@@GLIBC_2.2.5
0 54 6 6 10 0 0 16 0 0
fn=_IO_file_doallocate
0 114 11 6 28 2 0 14 0 0
fn=_IO_file_finish@@GLIBC_2.2.5
0 12 2 2 3 0 0 2 0 0
fn=_IO_file_fopen@@GLIBC_2.2.5
0 60 6 6 13 1 1 9 0 0
fn=_IO_file_open
0 32 3 3 6 0 0 7 0 0
fn=_IO_file_overflow@@GLIBC_2.2.5
0 205 5 5 54 0 0 37 1 1
fn=_IO_file_read
0 10 1 1 4 0 0 0 0 0
fn=_IO_file_seek
0 6 1 1 3 0 0 0 0 0
fn=_IO_file_seekoff@@GLIBC_2.2.5
0 311 21 21 88 1 0 54 0 0
fn=_IO_file_setbuf@@GLIBC_2.2.5
0 15 1 1 3 0 0 8 0 0
fn=_IO_file_stat
0 12 2 1 3 0 0 0 0 0
fn=_IO_file_sync@@GLIBC_2.2.5
0 17 4 4 7 0 0 3 0 0
fn=_IO_file_underflow@@GLIBC_2.2.5
0 54 5 5 15 0 0 15 0 0
fn=_IO_file_write@@GLIBC_2.2.5
0 37 3 3 9 0 0 6 0 0
fn=_IO_file_xsputn@@GLIBC_2.2.5
0 147 8 7 30 3 2 17 0 0
fn=_IO_flush_all_lockp
0 103 9 9 30 11 2 15 0 0
fn=_IO_link_in
0 113 10 10 42 2 0 20 0 0
fn=_IO_new_file_init_internal
0 13 2 2 4 0 0 5 0 0
fn=_IO_no_init
0 33 3 3 5 0 0 20 2 2
fn=_IO_old_init
0 27 3 3 3 1 1 18 2 2
fn=_IO_seekoff_unlocked
0 96 3 3 18 1 0 8 0 0
fn=_IO_setb
0 65 2 1 17 1 0 16 0 0
fn=_IO_switch_to_get_mode
0 24 3 3 8 0 0 7 0 0
fn=_IO_un_link
0 6 1 1 3 0 0 0 0 0
fn=_IO_unsave_markers
0 5 1 1 3 0 0 0 0 0
fn=__GI__IO_un_link.part.1
0 102 11 11 36 0 0 16 0 0
fn=__GI___tunables_init
0 20983 7 7 4200 36 36 6 0 0
fn=__GI_strstr
0 32 4 4 12 1 1 7 0 0
fn=____strtod_l_internal
0 1950 79 30 390 12 2 264 14 1
fn=__acos_finite
0 5 0 0 3 0 0 0 0 0
fn=__asin_finite
0 5 2 2 3 0 0 0 0 0
fn=__atan2_finite
0 8 1 1 3 0 0 0 0 0
fn=__bsd_signal.part.0
0 96 3 3 7 1 1 20 0 0
fn=__call_tls_dtors
0 11 2 2 5 1 0 2 0 0
fn=__correctly_grouped_prefixmb
0 120 7 2 42 0 0 42 1 0
fn=__ctype_b_loc
0 3171 3 1 3171 4 0 0 0 0
fn=__ctype_init
0 16 2 2 10 4 0 3 0 0
fn=__cxa_atexit
0 22 2 2 5 0 0 8 0 0
fn=__cxa_finalize
0 376 4 3 96 2 0 48 0 0
fn=__default_morecore
0 21 4 2 3 0 0 3 0 0
fn=__exp_finite
0 8 1 1 3 0 0 0 0 0
fn=__fopen_internal
0 39 2 2 5 1 0 10 1 1
fn=__fopen_maybe_mmap
0 4 2 2 2 0 0 0 0 0
fn=__init_misc
0 24 2 2 7 1 0 5 1 0
fn=__libc_csu_init
0 34 3 3 9 1 0 8 0 0
fn=__libc_pthread_init
0 393 2 2 110 7 0 58 8 8
fn=__libc_sigaction
0 179 16 16 53 0 0 47 2 1
fn=__log_finite
0 8 1 1 3 0 0 0 0 0
fn=__memcmp_avx2_movbe
0 913 13 6 252 7 0 0 0 0
fn=__memcpy_avx_unaligned_erms
0 26951 18 10 18977 194 0 18362 540 540
fn=__mempcpy_avx_unaligned_erms
0 3 0 0 0 0 0 0 0 0
fn=__memset_avx2_unaligned_erms
0 877 11 4 26 0 0 308 23 23
fn=__mpn_construct_double
0 84 5 2 18 0 0 6 0 0
fn=__mpn_lshift
0 90 8 2 12 0 0 6 0 0
fn=__new_exitfn
0 38 7 7 11 4 1 5 0 0
fn=__pow_finite
0 5 1 1 3 0 0 0 0 0
fn=__pthread_initialize_minimal
0 202 14 14 28 9 0 56 9 4
fn=__pthread_mutex_unlock_usercnt
0 62 8 4 16 2 0 2 0 0
fn=__register_atfork
0 52 5 5 12 2 2 9 0 0
fn=__run_exit_handlers
0 64 5 5 9 3 0 10 0 0
fn=__sigjmp_save
0 8 0 0 2 0 0 2 0 0
fn=__sigsetjmp
0 379 5 5 99 0 0 160 0 0
fn=__strlen_avx2
0 7311 5 3 895 68 54 0 0 0
fn=__strncmp_sse42
0 16095 48 18 2417 14 3 0 0 0
fn=__strncpy_ssse3
0 141 14 14 22 1 0 22 0 0
fn=__strrchr_avx2
0 27 4 4 2 1 0 0 0 0
fn=__time_syscall
0 6 0 0 2 0 0 0 0 0
fn=__tunable_get_val
0 415 4 2 92 11 0 23 0 0
fn=__uflow
0 33 4 4 11 1 0 3 0 0
fn=__unregister_atfork
0 176 3 3 72 2 0 24 0 0
fn=_dl_add_to_namespace_list
0 421 2 2 116 0 0 71 0 0
fn=_dl_add_to_slotinfo
0 20 3 3 8 3 0 5 0 0
fn=_dl_addr
0 58413 8 8 14007 1062 605 17 2 0
fn=_dl_allocate_tls_init
0 100 8 8 29 4 0 17 1 1
fn=_dl_allocate_tls_storage
0 323 3 3 7 0 0 295 37 37
fn=_dl_cache_libcmp
0 6441 3 3 1013 55 55 0 0 0
fn=_dl_catch_error
0 703 4 4 171 0 0 342 5 5
fn=_dl_check_all_versions
0 149 2 2 25 0 0 14 0 0
fn=_dl_check_map_versions
0 6466 13 13 2046 47 31 786 58 52
fn=_dl_count_modids
0 4 2 2 3 0 0 0 0 0
fn=_dl_debug_initialize
0 89 5 3 31 2 1 4 0 0
fn=_dl_debug_state
0 2 2 1 2 0 0 0 0 0
fn=_dl_determine_tlsoffset
0 66 6 6 14 0 0 9 0 0
fn=_dl_discover_osversion
0 82 4 4 12 1 1 4 1 1
fn=_dl_find_dso_for_object
0 71 4 4 29 5 0 4 0 0
fn=_dl_fini
0 602 11 11 202 56 0 68 9 0
fn=_dl_fixup
0 1629 13 6 588 116 19 132 1 0
fn=_dl_get_tls_static_info
0 5 1 1 3 0 0 2 1 1
fn=_dl_important_hwcaps
0 573 21 21 91 0 0 70 7 7
fn=_dl_init
0 152 5 5 42 2 0 17 0 0
fn=_dl_init_paths
0 109 10 10 16 0 0 32 2 2
fn=_dl_load_cache_lookup
0 2379 17 17 335 52 51 249 1 1
fn=_dl_lookup_symbol_x
0 85395 38 12 18446 282 209 10969 15 0
fn=_dl_map_object
0 4336 25 25 966 0 0 582 11 11
fn=_dl_map_object_deps
0 4602 39 39 986 28 2 343 6 6
fn=_dl_map_object_from_fd
0 7120 49 49 1667 75 75 820 75 75
fn=_dl_name_match_p
0 59890 6 3 15518 68 0 8878 3 1
fn=_dl_new_object
0 1691 14 14 333 10 10 334 61 61
fn=_dl_next_ld_env_entry
0 420 2 2 145 0 0 1 0 0
fn=_dl_next_tls_modid
0 6 2 2 3 0 0 1 0 0
fn=_dl_protect_relro
0 210 2 2 60 4 0 20 0 0
fn=_dl_receive_error
0 15 1 1 5 0 0 7 0 0
fn=_dl_relocate_object
0 69336 54 54 17138 1276 1089 6477 377 347
fn=_dl_runtime_resolve_avx_slow
0 252 2 1 0 0 0 0 0 0
fn=_dl_runtime_resolve_sse_vex
0 1050 21 6 378 0 0 357 3 0
fn=_dl_setup_hash
0 230 3 3 70 11 11 60 1 1
fn=_dl_sort_fini
0 1469 11 11 386 11 0 67 1 0
fn=_dl_start
0 867 22 20 207 32 30 74 32 31
fn=_dl_sysdep_read_whole_file
0 41 3 3 6 1 1 9 2 2
fn=_dl_sysdep_start
0 619 31 30 157 18 16 64 7 7
fn=_dl_sysdep_start_cleanup
0 1 1 0 1 0 0 0 0 0
fn=_dl_unload_cache
0 10 2 2 3 1 0 2 0 0
fn=_dl_vdso_vsym
0 136 3 2 48 8 0 8 0 0
fn=_fxstat
0 108 3 2 12 0 0 0 0 0
fn=_init
0 99 7 7 17 5 0 17 3 3
fn=_int_free
0 426318 60 19 119788 456 0 38625 1 0
fn=_int_malloc
0 692342 97 45 113031 15 1 108244 2756 2716
fn=_int_realloc
0 4137 34 13 812 2 0 623 34 34
fn=_pthread_cleanup_pop_restore
0 18 1 1 6 0 0 2 0 0
fn=_pthread_cleanup_push_defer
0 24 2 2 6 1 0 10 0 0
fn=_setjmp
0 2 1 1 0 0 0 0 0 0
fn=_start
0 11 2 2 2 0 0 3 0 0
fn=access
0 9 2 2 1 0 0 1 0 0
fn=allocate_dtv
0 19 2 2 5 0 0 5 0 0
fn=atof
0 24 4 1 0 0 0 0 0 0
fn=bcmp
0 75 9 6 19 4 1 0 0 0
fn=brk
0 47 6 4 7 0 0 4 0 0
fn=cache_rpath.part.6
0 32 1 1 8 0 0 4 0 0
fn=call_init.part.0
0 476 5 5 169 41 0 73 0 0
fn=calloc
0 442649 14 13 100181 5 0 46007 218 217
fn=ceil
0 5 1 1 3 0 0 0 0 0
fn=ceilf
0 5 1 1 3 0 0 0 0 0
fn=check_match
0 24569 20 6 8414 570 271 2924 19 0
fn=clock_gettime
0 2 1 1 2 1 0 0 0 0
fn=close
0 54 1 1 9 0 0 0 0 0
fn=cos
0 8 1 1 3 0 0 0 0 0
fn=dl_main
0 1328 68 68 338 54 23 143 21 18
fn=do_lookup_x
0 230606 52 17 72443 1292 368 29873 16 0
fn=do_preload
0 28 2 2 8 0 0 8 0 0
fn=dso_name_valid_for_suid
0 14 2 2 5 0 0 2 0 0
fn=elision_init
0 16 2 2 5 2 0 2 1 1
fn=exit
0 5 1 1 0 0 0 1 0 0
fn=expand_dynamic_string_token
0 24 1 1 6 0 0 7 1 1
fn=fclose@@GLIBC_2.2.5
0 75 7 7 27 1 0 9 0 0
fn=floor
0 5 2 2 3 0 0 0 0 0
fn=floorf
0 5 1 1 3 0 0 0 0 0
fn=fopen@@GLIBC_2.2.5
0 2 1 1 0 0 0 0 0 0
fn=free
0 104962 6 3 28626 238 0 4771 0 0
fn=fseek
0 78 4 4 30 0 0 8 0 0
fn=ftell
0 86 5 5 30 0 0 8 0 0
fn=fwrite
0 147 7 7 46 4 0 19 0 0
fn=get_common_indeces.constprop.1
0 64 5 5 8 0 0 15 1 1
fn=getc
0 2037 2 2 940 3 3 313 0 0
fn=getrlimit
0 9 1 1 1 0 0 0 0 0
fn=gettimeofday
0 240 3 3 20 2 0 16 0 0
fn=handle_intel.constprop.1
0 177 6 6 36 0 0 45 0 0
fn=handle_ld_preload
0 47 3 3 9 0 0 10 1 1
fn=index
0 773 5 5 108 9 9 0 0 0
fn=init_cacheinfo
0 247 15 15 20 1 0 21 3 3
fn=init_tls
0 115 6 5 28 10 1 13 0 0
fn=intel_check_word.isra.0
0 1305 9 9 111 6 6 24 0 0
fn=lseek
0 21 1 1 3 0 0 0 0 0
fn=malloc
0 1221 21 13 235 3 0 177 1 1
fn=malloc_consolidate
0 669 23 9 248 1 1 49 0 0
fn=malloc_hook_ini
0 11 2 2 3 2 1 3 0 0
fn=malloc_init_state
0 648 3 3 2 0 0 257 33 33
fn=map_doit
0 14 2 2 5 0 0 3 0 0
fn=match_symbol
0 5322 3 3 2002 40 32 450 0 0
fn=memchr
0 8 0 0 3 0 0 0 0 0
fn=memcpy
0 739 6 4 217 5 2 149 29 29
fn=memcpy@@GLIBC_2.14
0 80 5 3 20 0 0 0 0 0
fn=memmove
0 48 3 3 12 0 0 0 0 0
fn=mempcpy
0 90 3 3 12 1 0 0 0 0
fn=memrchr
0 8 2 2 3 0 0 0 0 0
fn=memset
0 1901 8 5 39 0 0 892 211 211
fn=mmap
0 799 3 3 169 0 0 138 7 7
fn=mprotect
0 90 0 0 18 0 0 0 0 0
fn=munmap
0 5 1 1 1 0 0 0 0 0
fn=new_do_write
0 55 5 5 16 0 0 13 0 0
fn=open
0 171 5 5 14 0 0 11 1 1
fn=open_verify.constprop.7
0 1420 14 14 383 15 15 112 1 1
fn=openaux
0 306 1 1 144 0 0 54 0 0
fn=pthread_mutex_lock
0 68 10 5 16 1 0 4 0 0
fn=pthread_mutex_unlock
0 4 2 1 0 0 0 0 0 0
fn=ptmalloc_init.part.3
0 90 10 10 26 7 1 18 2 0
fn=rand
0 64 1 1 16 0 0 16 0 0
fn=random
0 352 3 3 144 0 0 32 0 0
fn=random_r
0 8782 3 3 2608 0 0 1304 0 0
fn=rawmemchr
0 8 1 1 3 0 0 0 0 0
fn=read
0 66 2 2 12 0 0 0 0 0
fn=realloc
0 5249 19 9 1143 2 0 510 0 0
fn=realloc_hook_ini
0 8 2 2 3 0 0 2 0 0
fn=rindex
0 16 1 1 6 0 0 0 0 0
fn=rint
0 5 2 2 3 0 0 0 0 0
fn=rintf
0 5 1 1 3 0 0 0 0 0
fn=round_and_return
0 456 31 10 78 0 0 66 1 0
fn=round_away
0 60 1 1 6 0 0 0 0 0
fn=rtld_lock_default_lock_recursive
0 18 1 1 18 1 1 0 0 0
fn=rtld_lock_default_unlock_recursive
0 18 0 0 18 0 0 0 0 0
fn=sbrk
0 93 8 5 26 7 1 14 1 0
fn=sigaction
0 4 1 1 0 0 0 0 0 0
fn=signal
0 6 2 2 0 0 0 0 0 0
fn=sin
0 8 1 1 3 0 0 0 0 0
fn=srand
0 17 3 3 5 1 1 1 0 0
fn=srandom_r
0 2475 4 4 11 2 0 347 3 2
fn=stpcpy
0 9 1 1 4 0 0 0 0 0
fn=stpncpy
0 9 0 0 4 0 0 0 0 0
fn=str_to_mpn.isra.0
0 288 10 5 72 5 1 54 2 1
fn=strcasecmp
0 6 2 2 3 0 0 0 0 0
fn=strcasecmp_l
0 6 1 1 3 0 0 0 0 0
fn=strcat
0 9 1 1 4 0 0 0 0 0
fn=strchrnul
0 8 1 1 3 1 0 0 0 0
fn=strcmp
0 188804 113 76 38224 489 188 0 0 0
fn=strcpy
0 18 0 0 8 1 0 0 0 0
fn=strcspn
0 224 4 4 103 1 1 34 4 4
fn=strdup
0 136 2 2 24 0 0 32 0 0
fn=strlen
0 1128 6 4 169 5 5 0 0 0
fn=strncasecmp
0 6 2 2 3 0 0 0 0 0
fn=strncasecmp_l
0 6 1 1 3 0 0 0 0 0
fn=strncmp
0 24 2 1 12 1 0 0 0 0
fn=strncpy
0 18 4 2 8 2 0 0 0 0
fn=strnlen
0 16 1 1 6 0 0 0 0 0
fn=strpbrk
0 6 0 0 3 0 0 0 0 0
fn=strspn
0 6 1 1 3 0 0 0 0 0
fn=strtod
0 48 1 1 24 2 0 0 0 0
fn=sysmalloc
0 277 29 19 61 8 1 50 6 3
fn=tcache_get
0 42 3 2 18 0 0 3 0 0
fn=tcache_init.part.9
0 109 4 4 10 0 0 76 8 8
fn=tcache_put
0 539 6 1 245 5 0 98 0 0
fn=time
0 120 6 3 10 2 1 8 0 0
fn=uname
0 5 1 1 1 0 0 0 0 0
fn=version_check_doit
0 10 0 0 4 0 0 2 0 0
fn=wcschr
0 16 2 2 6 0 0 0 0 0
fn=wcslen
0 16 2 2 6 0 0 0 0 0
fn=wcsnlen
0 7 2 2 3 0 0 0 0 0
fn=wmemchr
0 16 2 2 6 0 0 0 0 0
fn=wmemset
0 26 2 2 6 0 0 0 0 0
fn=write
0 9 1 1 2 0 0 0 0 0
summary: 3378488 3240 2186 990459 10588 3267 466798 4855 4630
